
( graph 
   (
      (
         ( 23 
            ( 10957.0  9368.0 ))
         ( 8 
            ( 5301.0  11099.0 ))
         ( 34 
            ( 5877.0  7360.0 ))
         ( 4 
            ( 9736.0  13221.0 ))
         ( 12 
            ( -1265.0  11792.0 ))
         ( 30 
            ( 2626.0  7836.0 ))
         ( 37 
            ( 10240.0  13151.0 ))
         ( 2 
            ( 10749.0  12785.0 ))
         ( 6 
            ( 8911.0  9073.0 ))
         ( 10 
            ( 4970.0  10554.0 ))
         ( 17 
            ( 4574.0  8247.0 ))
         ( 25 
            ( 7254.0  8407.0 ))
         ( 32 
            ( 4866.0  5483.0 ))
         ( 35 
            ( 5143.0  6093.0 ))
         ( 38 
            ( 11963.0  11100.0 ))
         ( 1 
            ( 8593.0  12243.0 ))
         ( 3 
            ( 6749.0  12015.0 ))
         ( 5 
            ( 9317.0  8702.0 ))
         ( 7 
            ( 5436.0  11107.0 ))
         ( 9 
            ( 5754.0  10934.0 ))
         ( 11 
            ( 1877.0  10888.0 ))
         ( 16 
            ( 831.0  6656.0 ))
         ( 22 
            ( 9483.0  9041.0 ))
         ( 24 
            ( 8927.0  10842.0 ))
         ( 26 
            ( 9277.0  10458.0 ))
         ( 31 
            ( 4833.0  5628.0 ))
         ( 33 
            ( 5334.0  6537.0 ))
         ( 40 
            ( 2720.0  7066.0 )))
      (
         ( 1  3  1858.0419921875 )
         ( 1  2  2223.08349609375 )
         ( 1  37  1880.7108154296875 )
         ( 1  4  1504.3048095703125 )
         ( 1  38  3558.56005859375 )
         ( 2  24  2663.631591796875 )
         ( 2  1  2223.08349609375 )
         ( 2  37  626.9266357421875 )
         ( 2  38  2076.781494140625 )
         ( 3  9  1469.2127685546875 )
         ( 3  1  1858.0419921875 )
         ( 3  24  2473.78515625 )
         ( 3  25  3643.170166015625 )
         ( 4  23  4041.83740234375 )
         ( 4  1  1504.3048095703125 )
         ( 4  26  2800.865966796875 )
         ( 4  24  2512.791748046875 )
         ( 4  37  508.837890625 )
         ( 5  6  549.9790649414062 )
         ( 6  9  3664.6923828125 )
         ( 6  5  549.9790649414062 )
         ( 6  25  1785.8345947265625 )
         ( 6  22  572.8944091796875 )
         ( 6  26  1432.5435791015625 )
         ( 7  8  135.23683166503906 )
         ( 7  9  362.0124206542969 )
         ( 8  9  482.1141052246094 )
         ( 8  7  135.23683166503906 )
         ( 8  10  637.6409912109375 )
         ( 8  11  3430.4951171875 )
         ( 9  8  482.1141052246094 )
         ( 9  6  3664.6923828125 )
         ( 9  24  3174.33349609375 )
         ( 9  3  1469.2127685546875 )
         ( 9  7  362.0124206542969 )
         ( 9  10  871.2382202148438 )
         ( 9  25  2938.6611328125 )
         ( 10  9  871.2382202148438 )
         ( 10  8  637.6409912109375 )
         ( 10  17  2340.740234375 )
         ( 10  11  3110.9814453125 )
         ( 10  25  3134.6875 )
         ( 11  10  3110.9814453125 )
         ( 11  8  3430.4951171875 )
         ( 11  17  3774.74365234375 )
         ( 11  12  3269.461669921875 )
         ( 11  30  3142.5634765625 )
         ( 12  11  3269.461669921875 )
         ( 12  16  5547.2255859375 )
         ( 16  31  4131.9228515625 )
         ( 16  12  5547.2255859375 )
         ( 16  40  1932.982421875 )
         ( 17  11  3774.74365234375 )
         ( 17  10  2340.740234375 )
         ( 17  30  1990.885498046875 )
         ( 17  25  2684.77197265625 )
         ( 17  34  1576.25439453125 )
         ( 22  6  572.8944091796875 )
         ( 23  37  3850.34765625 )
         ( 23  4  4041.83740234375 )
         ( 23  38  2002.9627685546875 )
         ( 24  9  3174.33349609375 )
         ( 24  3  2473.78515625 )
         ( 24  26  519.5728759765625 )
         ( 24  2  2663.631591796875 )
         ( 24  4  2512.791748046875 )
         ( 24  25  2954.344970703125 )
         ( 24  38  3046.942626953125 )
         ( 25  10  3134.6875 )
         ( 25  6  1785.8345947265625 )
         ( 25  24  2954.344970703125 )
         ( 25  3  3643.170166015625 )
         ( 25  9  2938.6611328125 )
         ( 25  17  2684.77197265625 )
         ( 25  34  1729.8375244140625 )
         ( 26  6  1432.5435791015625 )
         ( 26  4  2800.865966796875 )
         ( 26  24  519.5728759765625 )
         ( 26  38  2761.658935546875 )
         ( 30  17  1990.885498046875 )
         ( 30  11  3142.5634765625 )
         ( 30  40  775.7164306640625 )
         ( 31  32  148.707763671875 )
         ( 31  16  4131.9228515625 )
         ( 31  35  558.8604736328125 )
         ( 31  40  2555.897705078125 )
         ( 32  31  148.707763671875 )
         ( 33  35  483.33941650390625 )
         ( 33  34  985.9908447265625 )
         ( 33  40  2666.990234375 )
         ( 34  25  1729.8375244140625 )
         ( 34  17  1576.25439453125 )
         ( 34  33  985.9908447265625 )
         ( 35  33  483.33941650390625 )
         ( 35  31  558.8604736328125 )
         ( 35  40  2611.064453125 )
         ( 37  2  626.9266357421875 )
         ( 37  1  1880.7108154296875 )
         ( 37  4  508.837890625 )
         ( 37  23  3850.34765625 )
         ( 38  2  2076.781494140625 )
         ( 38  1  3558.56005859375 )
         ( 38  24  3046.942626953125 )
         ( 38  23  2002.9627685546875 )
         ( 38  26  2761.658935546875 )
         ( 40  30  775.7164306640625 )
         ( 40  16  1932.982421875 )
         ( 40  33  2666.990234375 )
         ( 40  31  2555.897705078125 )
         ( 40  35  2611.064453125 ))))
