
( graph 
   (
      (
         ( 16 
            ( 831.0  6656.0 ))
         ( 9 
            ( 5754.0  10934.0 ))
         ( 32 
            ( 4866.0  5483.0 ))
         ( 6 
            ( 8911.0  9073.0 ))
         ( 11 
            ( 1877.0  10888.0 ))
         ( 30 
            ( 2626.0  7836.0 ))
         ( 35 
            ( 5143.0  6093.0 ))
         ( 3 
            ( 6749.0  12015.0 ))
         ( 8 
            ( 5301.0  11099.0 ))
         ( 10 
            ( 4970.0  10554.0 ))
         ( 12 
            ( -1265.0  11792.0 ))
         ( 24 
            ( 8927.0  10842.0 ))
         ( 31 
            ( 4833.0  5628.0 ))
         ( 33 
            ( 5334.0  6537.0 ))
         ( 40 
            ( 2720.0  7066.0 ))
         ( 1 
            ( 8593.0  12243.0 ))
         ( 7 
            ( 5436.0  11107.0 ))
         ( 17 
            ( 4574.0  8247.0 ))
         ( 25 
            ( 7254.0  8407.0 ))
         ( 34 
            ( 5877.0  7360.0 )))
      (
         ( 1  3  1858.0419921875 )
         ( 3  9  1469.2127685546875 )
         ( 3  1  1858.0419921875 )
         ( 3  25  3643.170166015625 )
         ( 3  24  2473.78515625 )
         ( 6  25  1785.8345947265625 )
         ( 6  9  3664.6923828125 )
         ( 7  9  362.0124206542969 )
         ( 7  8  135.23683166503906 )
         ( 8  9  482.1141052246094 )
         ( 8  7  135.23683166503906 )
         ( 8  10  637.6409912109375 )
         ( 8  11  3430.4951171875 )
         ( 9  10  871.2382202148438 )
         ( 9  6  3664.6923828125 )
         ( 9  25  2938.6611328125 )
         ( 9  3  1469.2127685546875 )
         ( 9  7  362.0124206542969 )
         ( 9  24  3174.33349609375 )
         ( 9  8  482.1141052246094 )
         ( 10  17  2340.740234375 )
         ( 10  9  871.2382202148438 )
         ( 10  25  3134.6875 )
         ( 10  8  637.6409912109375 )
         ( 10  11  3110.9814453125 )
         ( 11  12  3269.461669921875 )
         ( 11  10  3110.9814453125 )
         ( 11  17  3774.74365234375 )
         ( 11  8  3430.4951171875 )
         ( 11  30  3142.5634765625 )
         ( 12  16  5547.2255859375 )
         ( 12  11  3269.461669921875 )
         ( 16  31  4131.9228515625 )
         ( 16  12  5547.2255859375 )
         ( 16  40  1932.982421875 )
         ( 17  11  3774.74365234375 )
         ( 17  10  2340.740234375 )
         ( 17  30  1990.885498046875 )
         ( 17  25  2684.77197265625 )
         ( 17  34  1576.25439453125 )
         ( 24  9  3174.33349609375 )
         ( 24  3  2473.78515625 )
         ( 24  25  2954.344970703125 )
         ( 25  17  2684.77197265625 )
         ( 25  9  2938.6611328125 )
         ( 25  34  1729.8375244140625 )
         ( 25  3  3643.170166015625 )
         ( 25  10  3134.6875 )
         ( 25  24  2954.344970703125 )
         ( 25  6  1785.8345947265625 )
         ( 30  17  1990.885498046875 )
         ( 30  11  3142.5634765625 )
         ( 30  40  775.7164306640625 )
         ( 31  32  148.707763671875 )
         ( 31  16  4131.9228515625 )
         ( 31  35  558.8604736328125 )
         ( 31  40  2555.897705078125 )
         ( 32  31  148.707763671875 )
         ( 33  35  483.33941650390625 )
         ( 33  34  985.9908447265625 )
         ( 33  40  2666.990234375 )
         ( 34  25  1729.8375244140625 )
         ( 34  17  1576.25439453125 )
         ( 34  33  985.9908447265625 )
         ( 35  33  483.33941650390625 )
         ( 35  31  558.8604736328125 )
         ( 35  40  2611.064453125 )
         ( 40  30  775.7164306640625 )
         ( 40  16  1932.982421875 )
         ( 40  33  2666.990234375 )
         ( 40  31  2555.897705078125 )
         ( 40  35  2611.064453125 ))))
