
( graph 
   (
      (
         ( 16 
            ( 2878.552678215102  -2517.443168089569 ))
         ( 9 
            ( 3327.2547607421875  0.0 ))
         ( 32 
            ( 5674.190049487608  655.3395385689803 ))
         ( 6 
            ( 5939.649107978358  2570.0906667221807 ))
         ( 11 
            ( 7196.591834144394  247.94290769608466 ))
         ( 30 
            ( 4054.0993029191795  269.059143590045 ))
         ( 35 
            ( 5238.65850969576  1134.9822706533635 ))
         ( 3 
            ( 1858.0419921875  0.0 ))
         ( 8 
            ( 3766.4479393450993  198.85512898891145 ))
         ( 10 
            ( 4137.797725228142  -319.4935665791255 ))
         ( 12 
            ( 8419.357970342684  -2784.2547420713317 ))
         ( 24 
            ( 1246.0836617324956  2396.897995549573 ))
         ( 31 
            ( 5525.482285815733  655.3395385689803 ))
         ( 33 
            ( 4755.32605020584  1132.3889812823054 ))
         ( 40 
            ( 3319.4532189603074  -635.4156028163274 ))
         ( 1 
            ( 0.0  0.0 ))
         ( 7 
            ( 3675.544797537777  98.72711368671938 ))
         ( 17 
            ( 2199.3015096150307  992.4886234202568 ))
         ( 25 
            ( 4170.690612513812  2815.0213529295156 ))
         ( 34 
            ( 3769.335205479278  1132.3889812823054 )))
      (
         ( 1  3  1858.0419921875 )
         ( 3  9  1469.2127685546875 )
         ( 3  1  1858.0419921875 )
         ( 3  25  3643.170166015625 )
         ( 3  24  2473.78515625 )
         ( 6  25  1785.8345947265625 )
         ( 6  9  3664.6923828125 )
         ( 7  9  362.0124206542969 )
         ( 7  8  135.23683166503906 )
         ( 8  9  482.1141052246094 )
         ( 8  7  135.23683166503906 )
         ( 8  10  637.6409912109375 )
         ( 8  11  3430.4951171875 )
         ( 9  10  871.2382202148438 )
         ( 9  6  3664.6923828125 )
         ( 9  25  2938.6611328125 )
         ( 9  3  1469.2127685546875 )
         ( 9  7  362.0124206542969 )
         ( 9  24  3174.33349609375 )
         ( 9  8  482.1141052246094 )
         ( 10  17  2340.740234375 )
         ( 10  9  871.2382202148438 )
         ( 10  25  3134.6875 )
         ( 10  8  637.6409912109375 )
         ( 10  11  3110.9814453125 )
         ( 11  12  3269.461669921875 )
         ( 11  10  3110.9814453125 )
         ( 11  17  3774.74365234375 )
         ( 11  8  3430.4951171875 )
         ( 11  30  3142.5634765625 )
         ( 12  16  5547.2255859375 )
         ( 12  11  3269.461669921875 )
         ( 16  31  4131.9228515625 )
         ( 16  12  5547.2255859375 )
         ( 16  40  1932.982421875 )
         ( 17  11  3774.74365234375 )
         ( 17  10  2340.740234375 )
         ( 17  30  1990.885498046875 )
         ( 17  25  2684.77197265625 )
         ( 17  34  1576.25439453125 )
         ( 24  9  3174.33349609375 )
         ( 24  3  2473.78515625 )
         ( 24  25  2954.344970703125 )
         ( 25  17  2684.77197265625 )
         ( 25  9  2938.6611328125 )
         ( 25  34  1729.8375244140625 )
         ( 25  3  3643.170166015625 )
         ( 25  10  3134.6875 )
         ( 25  24  2954.344970703125 )
         ( 25  6  1785.8345947265625 )
         ( 30  17  1990.885498046875 )
         ( 30  11  3142.5634765625 )
         ( 30  40  775.7164306640625 )
         ( 31  32  148.707763671875 )
         ( 31  16  4131.9228515625 )
         ( 31  35  558.8604736328125 )
         ( 31  40  2555.897705078125 )
         ( 32  31  148.707763671875 )
         ( 33  35  483.33941650390625 )
         ( 33  34  985.9908447265625 )
         ( 33  40  2666.990234375 )
         ( 34  25  1729.8375244140625 )
         ( 34  17  1576.25439453125 )
         ( 34  33  985.9908447265625 )
         ( 35  33  483.33941650390625 )
         ( 35  31  558.8604736328125 )
         ( 35  40  2611.064453125 )
         ( 40  30  775.7164306640625 )
         ( 40  16  1932.982421875 )
         ( 40  33  2666.990234375 )
         ( 40  31  2555.897705078125 )
         ( 40  35  2611.064453125 ))))
