Data/Raster2/N52E006.asc
ncols        1201
nrows        1201
xllcorner    5.999583333333
yllcorner    51.999583333333
cellsize     0.000833333333
NODATA_value -32768
[rows 780 to 844 of 1201, columns 384 to 479 of 1201]
7 6 6 7 6 5 7 7 7 7 7 7 8 8 7 7 7 7 7 8 9 8 6 7 8 8 8 8 7 8 8 7 7 7 8 9 11 11 9 9 8 8 8 9 9 8 9 9 9 8 7 9 9 8 8 9 8 8 8 8 9 10 9 10 10 10 10 11 11 11 11 11 11 12 13 14 15 19 24 25 25 27 30 32 32 30 30 31 30 30 32 33 35 37 38 39
7 7 7 8 8 7 7 8 7 6 6 7 7 7 7 7 7 7 8 8 7 7 8 8 7 7 8 8 9 9 8 8 9 9 9 10 11 11 12 12 10 9 10 10 10 10 10 8 8 8 9 9 9 8 7 9 9 8 7 7 8 11 11 10 9 11 12 12 11 12 11 12 12 14 14 14 13 17 23 25 26 25 26 29 30 31 31 32 31 31 33 35 37 40 42 42
8 9 10 10 8 7 7 8 8 7 8 7 7 8 7 7 7 8 8 6 7 8 7 7 7 7 9 8 8 8 8 10 10 10 9 11 11 10 10 11 10 10 10 11 11 12 12 9 8 8 8 8 7 8 8 9 9 8 9 9 8 9 11 11 12 11 11 12 12 11 11 11 12 14 16 15 15 15 19 21 21 22 23 27 31 34 33 31 32 33 34 37 38 40 43 43
8 12 18 18 14 11 10 7 6 7 8 8 7 9 8 8 8 9 8 8 8 9 9 8 7 8 8 8 9 7 7 9 10 11 10 12 13 10 9 11 11 11 10 10 11 11 10 9 9 8 9 10 8 8 8 8 8 8 9 9 8 9 11 11 11 11 11 11 11 11 11 13 17 20 19 16 16 17 19 23 24 25 25 26 31 35 36 33 33 35 37 39 40 42 41 41
16 21 21 20 19 17 15 10 7 7 8 7 7 7 7 7 8 8 9 10 8 9 9 8 9 9 8 7 8 8 8 9 10 11 11 13 15 12 10 11 10 10 10 10 10 10 9 8 8 9 9 10 10 9 9 9 8 9 10 10 10 10 10 11 9 9 11 11 10 12 16 18 20 20 19 17 18 19 19 24 29 30 29 29 30 32 35 38 38 38 40 39 39 39 41 41
21 22 17 12 13 14 12 8 7 8 8 8 8 9 9 9 9 9 9 9 8 8 9 9 9 8 7 8 9 9 10 10 11 11 10 12 16 14 11 11 11 10 9 9 9 9 9 8 8 8 8 8 9 9 10 10 10 10 9 10 10 11 11 10 10 10 10 11 13 17 19 20 20 20 21 23 21 20 23 29 34 34 33 33 32 33 34 37 37 37 39 39 38 38 38 38
21 21 13 8 9 10 8 8 9 8 8 9 9 9 10 10 8 9 9 9 8 8 8 8 8 9 9 9 10 9 8 10 11 12 13 17 19 17 14 11 9 9 9 9 10 10 10 10 9 8 8 8 8 8 9 9 10 10 9 10 11 12 11 10 10 10 12 13 14 17 21 20 20 20 20 24 28 29 30 34 35 34 33 33 33 34 36 37 36 36 37 37 36 36 34 32
18 15 9 8 9 9 8 9 10 9 9 8 7 6 6 7 7 8 8 8 9 10 11 9 8 9 8 9 11 12 13 15 17 19 19 19 19 15 10 9 10 10 9 9 10 10 10 10 10 10 9 10 9 8 9 8 8 8 8 10 11 10 10 10 12 14 15 13 15 20 20 19 20 20 18 20 28 34 37 38 39 38 36 34 35 36 38 39 38 36 35 34 33 32 32 32
12 10 9 10 10 9 9 9 8 8 7 8 9 7 7 8 8 8 7 7 8 7 10 11 10 9 9 10 12 17 18 18 19 19 19 20 19 17 13 10 10 10 9 8 9 10 11 10 9 9 9 9 9 10 9 9 9 10 10 11 13 11 11 13 14 16 15 13 15 20 20 20 22 21 17 16 21 30 38 41 42 41 39 37 38 38 37 37 38 33 32 31 31 31 31 33
7 6 8 9 8 8 8 7 7 7 7 7 8 8 7 7 7 8 7 7 8 9 8 8 10 10 9 10 11 15 20 21 21 21 20 21 20 17 14 10 9 10 10 9 10 12 12 10 9 10 10 9 11 12 11 11 11 10 10 12 14 12 15 15 16 16 14 13 17 21 22 23 22 22 21 17 18 27 38 42 41 38 39 39 39 37 35 37 36 34 31 28 29 30 31 32
7 7 8 8 8 8 8 7 8 7 7 7 7 8 8 7 7 8 7 8 8 9 9 10 10 10 11 12 14 16 19 20 22 22 22 22 17 12 10 10 9 9 9 8 10 12 9 8 8 9 10 10 11 10 9 10 10 10 10 12 14 12 11 11 14 12 11 13 19 23 25 24 21 21 20 18 17 23 32 34 31 29 32 35 35 32 31 30 28 27 27 28 29 31 32 33
8 8 7 7 8 9 8 8 9 8 8 8 8 7 7 8 8 9 9 8 8 8 9 10 9 11 14 16 17 17 18 19 21 21 19 15 12 10 10 10 11 10 8 9 10 11 9 9 9 9 10 9 10 9 9 10 10 10 12 14 12 9 10 12 14 14 11 13 18 19 19 19 19 20 19 19 19 20 24 28 29 27 27 29 28 29 27 24 23 24 27 28 29 31 32 35
7 8 8 8 7 7 7 8 10 10 10 9 9 8 8 8 9 9 10 10 10 10 9 9 9 8 9 10 12 14 13 14 14 13 11 9 8 8 9 10 9 9 10 13 14 12 11 10 9 9 9 10 12 12 10 10 11 13 13 15 12 10 10 12 14 15 14 14 16 16 17 19 19 18 20 20 19 19 22 26 28 27 27 27 27 26 25 24 23 22 24 27 30 32 36 41
7 7 7 7 7 7 7 8 9 9 9 9 9 9 8 7 8 9 8 10 8 9 9 10 10 9 8 8 8 8 9 11 10 9 9 9 9 10 11 10 9 9 12 16 16 14 11 10 9 9 10 11 10 9 11 11 11 11 12 13 11 11 11 14 16 17 16 17 17 19 18 18 19 21 24 22 20 20 20 23 26 24 24 23 22 23 23 21 21 23 25 28 31 35 37 41
6 6 7 8 8 8 8 8 8 7 7 6 7 8 7 7 8 8 7 7 7 8 9 9 9 9 9 8 8 8 8 8 8 9 9 9 9 8 8 8 8 8 12 16 17 15 14 13 13 12 10 10 11 11 11 10 10 11 13 12 12 12 13 17 17 17 19 18 18 19 20 22 23 24 23 22 21 20 19 20 23 23 21 19 19 19 20 19 20 23 25 29 34 38 41 44
7 7 8 8 7 8 8 7 7 7 7 7 8 8 8 8 9 10 9 8 8 8 8 8 8 9 10 9 9 9 10 9 9 9 8 8 9 9 9 9 11 14 16 16 16 15 14 13 11 11 11 12 13 12 11 10 11 13 16 15 16 14 14 15 14 15 16 17 18 20 22 23 24 24 23 23 23 23 22 22 23 21 18 18 19 18 18 19 21 24 27 31 34 38 41 41
8 8 8 8 8 9 9 9 9 9 9 8 7 8 9 8 8 9 9 8 9 8 7 8 9 9 8 8 10 11 11 10 9 8 8 8 8 11 15 16 16 17 18 16 15 14 12 11 11 13 13 12 12 12 10 9 12 15 16 17 18 16 16 16 13 12 12 15 18 20 20 19 21 23 23 24 24 23 22 22 22 19 17 17 17 18 18 19 20 22 25 28 31 35 36 36
10 9 10 8 8 8 8 8 9 8 8 9 8 8 8 8 9 9 9 7 8 9 9 9 9 9 8 9 9 11 12 11 9 9 11 13 15 18 17 15 14 15 15 13 11 11 11 10 11 11 10 10 11 11 11 10 14 17 18 19 19 16 17 17 17 18 17 17 17 19 21 22 21 20 20 23 24 23 23 24 22 19 18 17 17 18 18 18 19 20 21 24 25 27 28 29
11 10 9 10 9 9 8 8 8 9 10 9 8 7 8 9 9 8 9 9 8 8 8 9 9 8 9 11 11 10 11 9 9 10 13 14 16 18 16 16 15 15 13 11 10 10 10 9 9 9 10 10 11 12 14 15 17 18 18 18 16 15 15 12 13 16 17 18 18 20 22 20 17 19 20 20 20 21 24 24 24 20 18 18 17 18 18 19 20 19 20 21 23 26 29 32
8 9 8 8 8 8 9 8 9 10 9 7 9 8 8 9 8 8 9 9 9 8 8 9 9 9 9 9 9 10 10 10 10 10 9 12 17 17 16 14 13 11 11 11 10 10 10 9 9 9 9 9 10 11 13 16 17 17 17 17 17 14 11 12 17 23 23 21 19 19 19 17 16 17 18 20 21 23 24 24 23 19 17 18 18 18 18 20 21 22 23 26 27 29 32 34
7 8 8 8 8 6 7 7 8 8 8 8 8 9 8 8 8 8 8 9 9 10 10 10 10 10 11 11 10 10 9 9 9 9 10 14 16 16 13 12 10 10 10 10 10 9 9 10 9 10 10 10 10 10 11 14 17 18 20 21 20 18 15 17 21 26 25 23 21 19 18 17 16 17 19 20 20 20 19 20 19 18 17 17 18 18 20 22 23 25 26 28 30 32 36 40
7 8 8 8 8 8 8 8 8 7 7 8 7 8 9 8 8 8 8 8 9 9 9 9 10 11 10 11 11 10 9 9 9 12 14 16 15 13 11 12 11 10 10 10 10 9 9 10 10 10 10 10 11 11 12 16 20 19 20 21 20 20 19 19 19 21 21 21 18 18 18 18 18 19 18 18 20 19 18 18 18 18 16 16 18 18 20 22 24 26 28 31 34 37 41 44
7 7 7 8 7 8 8 7 7 7 7 8 8 9 9 8 8 8 8 9 8 9 11 11 10 10 9 9 10 9 9 10 12 14 13 12 11 12 11 10 9 9 9 9 10 10 9 9 9 9 10 11 11 11 12 17 19 18 19 18 18 19 19 19 18 17 18 19 18 18 17 18 20 20 20 19 20 19 18 18 18 19 18 16 17 18 21 25 28 30 33 37 39 43 46 48
7 7 7 7 8 9 8 8 9 8 7 8 9 11 11 9 8 9 8 9 9 10 11 10 10 10 8 7 9 10 10 11 13 14 13 12 11 10 10 9 9 10 9 8 8 10 10 10 10 10 10 11 12 12 15 18 18 17 18 17 18 17 18 20 21 19 17 17 17 16 17 17 19 20 20 19 18 18 17 17 18 19 19 18 20 22 23 27 32 34 36 40 43 44 47 51
7 7 8 7 8 8 7 8 9 8 7 8 9 8 9 9 11 10 9 8 8 8 8 9 9 11 13 12 10 9 10 13 16 16 14 13 13 12 11 10 10 11 10 8 8 9 10 10 10 11 10 10 11 14 17 18 17 18 18 18 18 17 16 19 20 20 19 19 19 17 17 17 19 20 20 20 19 18 17 15 16 18 18 20 23 26 27 28 34 37 37 37 39 41 45 48
8 7 7 8 8 8 9 8 8 9 9 10 11 13 15 17 16 12 10 8 8 8 7 8 10 11 12 12 11 11 13 16 18 16 15 17 16 12 12 11 11 10 10 9 9 9 10 10 10 11 10 10 12 16 17 17 17 17 17 19 20 19 17 19 19 16 16 16 17 19 22 21 21 22 20 20 20 19 17 15 16 18 19 19 20 23 26 28 28 31 33 33 35 38 40 43
8 8 8 8 8 7 7 8 8 10 12 12 12 13 14 14 12 10 10 9 8 8 9 9 9 9 8 9 10 11 12 12 16 20 20 20 18 13 10 9 9 10 9 10 10 9 9 10 10 10 11 13 15 15 17 17 17 16 17 17 18 17 17 17 17 17 18 19 20 21 22 21 20 20 21 21 22 19 16 16 17 18 20 22 22 23 25 27 29 31 32 33 35 37 37 38
6 7 7 9 9 8 8 7 8 11 13 12 11 10 9 9 9 10 10 10 9 8 8 8 7 8 9 9 10 10 10 10 13 17 17 18 18 14 11 10 10 10 9 9 10 9 10 10 11 12 13 16 17 17 18 16 16 16 15 14 13 14 16 17 16 18 20 21 21 21 19 17 14 17 20 20 20 18 16 16 16 21 23 23 22 22 23 26 28 28 30 33 36 39 41 42
8 8 7 8 8 8 8 8 7 8 9 8 8 10 9 9 8 7 8 9 9 9 8 8 9 9 9 10 10 10 10 14 16 15 11 11 12 11 10 9 10 9 11 11 9 10 11 11 11 12 11 12 14 16 17 16 17 17 15 13 14 16 18 17 18 20 21 20 20 21 20 16 12 16 21 19 17 15 13 14 16 21 23 23 22 22 22 23 25 28 32 35 36 41 44 44
10 10 9 8 7 7 8 8 8 8 8 9 11 15 17 16 11 9 9 8 7 8 9 9 9 10 8 9 9 10 11 13 12 11 10 9 9 10 10 10 10 11 11 9 10 10 10 11 11 9 9 11 13 15 16 17 17 18 18 15 17 18 19 20 19 19 18 18 19 20 19 16 12 14 17 15 13 14 17 17 17 18 18 20 22 21 22 22 25 29 30 33 36 38 40 42
9 8 8 8 8 8 8 9 9 10 11 9 11 16 19 17 13 9 8 7 7 8 8 9 9 9 8 8 8 9 9 9 9 11 10 9 9 10 10 10 11 11 12 11 10 11 11 11 11 10 9 10 13 13 13 14 15 17 18 19 19 18 19 21 21 20 19 18 19 19 18 18 15 13 13 12 12 15 19 18 16 14 14 17 20 20 20 20 23 26 26 28 30 34 35 36
8 8 7 9 8 8 8 8 10 13 14 14 15 17 18 16 13 11 8 8 8 9 8 8 8 8 8 9 9 11 12 11 10 11 12 11 10 10 10 10 9 11 13 13 12 13 12 10 10 11 11 11 11 10 11 12 15 16 17 16 17 18 18 17 18 17 15 15 14 13 13 14 14 12 11 11 12 14 17 18 17 15 15 17 18 18 19 22 23 25 25 27 28 29 29 30
8 7 8 9 8 7 7 7 7 8 9 11 12 14 14 11 10 10 9 9 9 9 9 8 8 9 8 8 10 12 12 11 12 12 12 13 11 12 11 11 11 10 11 12 13 12 11 10 10 11 11 11 12 11 11 11 12 12 13 13 16 15 13 12 12 11 11 11 11 11 11 12 12 12 11 11 12 12 13 14 16 17 17 19 19 17 16 19 21 24 24 25 26 25 25 26
9 8 8 7 6 6 7 8 9 9 9 9 10 10 8 8 9 9 10 9 8 9 9 8 8 9 8 9 10 11 12 11 11 11 11 12 11 11 10 9 9 9 10 10 10 11 11 11 10 10 10 11 11 12 11 10 11 11 11 13 15 15 12 12 12 11 11 11 11 12 12 13 13 12 12 11 12 12 12 14 15 14 14 19 19 18 17 19 20 21 22 22 22 23 23 25
8 9 9 8 9 10 9 8 8 8 9 9 9 8 8 8 8 8 9 8 8 10 9 8 9 10 11 11 11 13 13 10 11 13 13 13 11 11 10 10 11 11 11 11 11 11 11 11 11 11 10 10 11 12 12 12 11 10 10 11 12 13 13 14 15 15 14 12 12 12 12 12 13 14 15 14 13 14 13 14 15 14 15 16 15 17 17 18 18 18 19 21 22 22 21 23
9 9 10 10 9 9 8 7 8 7 7 7 8 8 8 7 7 7 7 8 8 10 9 8 8 8 9 11 12 12 11 11 10 11 12 11 11 12 12 13 12 10 11 13 12 10 10 10 9 10 11 12 11 12 12 12 11 11 11 11 12 14 11 11 11 11 12 13 13 13 13 13 14 13 13 13 14 13 14 13 12 13 13 14 14 16 18 19 19 19 19 20 20 20 20 21
9 9 9 8 8 8 8 8 8 7 6 7 8 8 8 8 8 8 8 8 10 11 10 8 8 9 9 10 10 10 10 11 11 10 10 11 11 11 12 11 11 10 10 10 10 10 10 12 12 12 11 12 11 10 10 13 13 12 12 12 13 14 12 13 13 14 14 15 17 17 15 14 15 15 14 14 13 11 12 12 13 12 11 13 15 19 20 19 18 19 20 21 21 22 22 22
8 9 8 8 8 8 8 8 9 8 7 7 8 9 8 8 8 9 10 9 9 9 11 10 10 9 8 9 10 11 10 10 10 11 12 11 11 11 11 11 11 11 10 9 8 9 11 12 12 11 11 11 12 12 12 13 14 13 12 15 14 12 13 14 13 13 13 12 13 13 14 14 15 14 13 12 13 12 12 13 12 12 13 16 18 19 20 19 17 16 17 20 22 24 26 25
9 9 8 7 8 8 8 9 8 8 7 7 8 8 8 11 11 9 10 9 11 15 16 12 9 8 8 9 11 13 12 11 11 11 10 10 11 12 12 13 13 11 11 12 11 10 11 11 11 10 9 10 12 12 13 12 13 14 12 11 14 17 18 19 14 12 12 12 14 15 15 15 13 12 12 12 12 13 13 15 13 13 16 19 18 16 15 15 15 15 14 14 17 22 26 26
8 9 9 9 9 9 9 9 9 8 8 8 8 7 8 9 9 8 7 8 10 13 14 11 9 9 10 11 12 12 12 10 10 12 12 11 10 10 10 11 10 10 10 11 11 10 10 11 12 12 11 10 9 10 12 13 14 18 19 16 14 12 16 20 18 16 13 12 14 14 12 11 10 11 12 13 13 12 13 12 12 12 14 18 18 15 12 12 13 15 15 14 15 18 22 22
8 9 9 9 8 9 9 9 9 9 9 10 9 6 7 8 8 7 7 8 9 11 13 13 12 11 12 10 10 12 11 9 9 10 10 10 9 9 10 11 11 10 11 11 12 13 12 11 11 10 10 9 9 10 10 13 18 21 21 22 22 21 22 22 18 15 14 12 11 11 10 11 11 11 12 14 14 11 11 11 12 13 13 14 15 13 12 12 14 16 16 15 16 15 16 17
8 10 9 8 8 8 8 8 9 9 8 9 9 7 7 8 9 8 8 9 10 13 12 9 8 9 9 9 7 8 8 9 9 11 12 11 10 11 10 9 10 11 12 13 10 11 11 12 11 11 11 10 11 12 10 10 15 20 22 23 24 23 21 20 17 14 12 11 10 11 10 12 13 14 15 15 13 12 11 11 13 14 12 12 13 13 13 15 16 18 17 16 16 15 16 16
8 8 10 9 8 8 8 8 8 8 9 10 9 9 9 9 9 9 8 9 10 11 10 10 8 9 9 10 7 8 10 12 12 11 11 11 10 10 10 8 8 9 12 14 11 9 10 12 12 13 13 11 11 12 11 10 12 16 19 19 18 15 14 13 11 10 10 10 10 11 11 11 14 15 15 16 15 14 12 12 12 12 11 12 12 12 13 14 15 15 18 16 14 15 17 18
8 8 8 9 7 6 8 8 8 9 9 7 7 7 8 8 9 8 8 9 10 11 10 9 8 9 9 9 8 9 12 13 11 10 11 11 11 10 11 11 11 11 10 10 10 11 12 11 11 12 11 11 12 12 11 12 12 11 13 13 14 13 10 11 11 11 11 10 10 11 12 11 12 13 13 13 13 13 13 12 12 12 12 12 13 13 13 14 16 16 18 16 15 16 16 15
8 9 8 8 9 8 8 7 7 8 9 9 9 9 8 9 8 8 9 11 12 10 9 8 9 8 8 10 11 12 13 12 13 13 11 10 12 11 10 12 12 12 12 11 12 13 12 11 11 11 11 11 11 12 12 12 11 12 13 13 12 13 11 11 11 11 11 11 12 11 13 15 15 13 12 11 11 11 12 13 14 15 14 12 13 14 13 14 15 15 16 17 15 16 16 15
9 8 7 8 8 9 9 9 9 9 8 8 9 8 8 9 10 9 10 14 12 10 9 8 9 10 9 10 12 11 10 8 9 9 9 9 9 8 9 9 9 11 13 13 12 12 10 10 10 10 11 11 11 12 13 13 12 12 13 13 12 11 11 11 10 9 9 9 10 11 11 13 14 15 14 13 13 11 11 12 17 22 20 15 13 13 12 12 13 15 18 17 16 17 17 16
8 7 8 9 8 9 9 8 8 8 8 9 9 9 10 10 8 8 12 14 10 9 10 10 9 10 11 11 10 9 9 10 10 9 9 8 9 10 10 9 11 12 11 10 10 11 10 11 11 11 11 10 11 12 13 13 12 11 11 11 11 11 11 11 10 10 10 10 11 11 10 13 14 16 14 12 11 11 11 12 16 20 18 15 12 13 13 13 13 14 15 17 18 20 20 18
8 7 8 8 8 9 8 8 8 8 7 7 8 9 9 9 9 9 11 12 10 8 7 8 8 9 10 12 11 9 9 10 9 9 9 9 9 9 9 8 9 9 10 10 10 12 11 10 9 10 11 10 11 13 14 14 15 16 14 12 12 12 11 12 13 13 10 10 11 13 13 11 12 11 11 10 10 11 11 13 15 17 17 15 13 13 13 13 13 14 15 16 15 18 19 18
7 8 9 9 7 7 8 8 7 7 7 8 9 11 11 11 10 10 9 9 10 8 7 7 8 10 11 9 8 9 9 9 9 10 10 9 8 10 10 9 9 9 9 10 10 10 10 10 10 10 9 10 12 14 14 13 17 18 14 11 12 12 10 11 9 11 11 10 11 10 10 11 10 11 11 11 11 13 16 17 20 19 16 15 13 13 12 13 14 15 13 13 13 13 14 16
8 8 8 7 8 8 8 8 9 8 9 10 10 10 10 9 9 8 7 8 10 9 8 9 9 10 8 7 8 8 9 9 10 11 12 11 9 8 8 10 10 10 10 9 9 9 9 10 10 8 9 11 13 13 13 13 17 17 16 12 11 13 16 17 16 15 14 16 14 13 11 11 11 10 12 17 18 18 18 15 16 16 13 13 12 13 13 12 13 13 13 13 13 12 12 13
8 8 8 7 7 8 8 8 9 10 10 11 10 9 8 8 8 8 9 9 9 9 9 10 10 9 9 10 9 9 9 10 10 11 11 9 9 9 11 11 10 10 10 9 9 9 9 10 9 9 9 10 11 14 14 13 12 15 17 13 11 11 12 13 14 16 18 19 18 15 12 11 11 11 14 18 19 20 19 18 18 15 13 12 13 14 13 12 13 14 13 13 13 13 13 14
8 8 8 7 7 8 9 10 10 10 10 11 10 9 8 9 9 11 11 11 9 10 10 11 11 9 10 9 8 9 9 9 9 10 11 10 10 10 10 10 9 9 10 9 9 9 9 10 9 10 10 10 11 11 11 12 13 16 19 16 12 10 10 12 17 20 21 22 20 16 13 13 14 15 18 20 19 19 22 23 21 18 15 13 12 12 12 12 13 13 13 13 13 13 13 14
8 8 8 9 9 9 10 9 9 10 9 8 10 10 9 9 11 10 10 11 9 10 10 9 8 9 9 7 7 7 8 10 10 9 10 11 11 10 11 10 9 10 10 9 9 9 9 10 9 11 11 11 11 12 11 12 12 15 18 21 20 14 14 19 21 21 21 21 23 22 21 20 20 19 19 21 22 22 22 20 18 15 14 12 11 11 11 11 12 12 13 13 13 14 14 14
8 8 8 9 9 9 8 9 9 10 11 11 12 10 8 8 9 9 8 8 9 10 9 8 8 8 8 8 8 9 11 10 10 10 11 10 11 11 12 11 9 8 8 9 9 8 9 9 9 11 12 11 11 12 11 10 12 15 15 15 20 22 22 21 21 19 19 20 21 22 23 20 19 20 19 19 20 21 20 16 14 12 11 10 10 11 13 12 12 13 13 12 14 14 16 16
10 9 7 6 6 7 8 9 8 9 9 9 10 8 8 9 8 7 8 8 8 10 9 8 8 8 8 8 8 8 8 9 9 10 10 10 10 10 9 10 11 9 8 9 9 9 11 11 10 10 11 12 11 12 11 10 11 13 12 14 16 19 20 20 22 21 20 19 18 20 21 19 19 20 20 19 18 17 16 13 12 12 12 10 11 12 11 11 12 13 12 12 13 13 15 15
10 10 9 7 8 8 7 7 8 8 8 8 10 9 8 9 9 8 8 7 8 9 8 7 8 9 9 8 9 9 11 11 10 9 9 10 11 11 9 9 9 10 10 10 11 11 12 12 11 10 12 12 11 10 10 11 12 13 13 14 16 19 20 20 21 23 21 18 18 20 20 20 18 19 20 20 20 15 13 11 11 12 11 10 11 12 12 13 14 14 14 14 14 13 14 15
8 9 8 8 9 8 8 9 9 9 10 9 9 9 8 10 10 9 8 8 8 8 8 8 8 8 9 10 11 11 12 10 9 10 9 8 9 10 10 10 9 9 10 10 10 9 11 12 13 12 11 10 10 10 10 10 11 12 12 15 16 17 19 20 21 21 20 19 19 20 20 18 17 18 19 18 18 14 13 12 12 13 12 12 13 14 15 17 16 14 13 13 13 15 16 14
10 11 9 7 8 7 9 8 11 12 10 10 9 9 9 11 10 8 9 8 8 8 8 8 8 8 10 10 10 10 13 11 8 8 9 8 9 11 13 13 10 9 10 10 9 10 10 10 11 11 11 11 10 10 10 10 11 13 16 16 13 13 16 18 18 17 17 18 20 24 25 23 20 21 21 19 16 12 12 11 11 13 14 14 17 20 19 18 17 14 12 13 13 15 17 15
12 15 13 9 7 7 9 10 10 10 8 9 10 10 11 10 8 9 9 8 7 7 7 7 7 8 8 8 9 11 12 11 8 8 8 8 9 10 11 10 8 9 9 9 10 11 11 9 9 9 9 11 12 12 12 10 11 13 14 11 11 12 14 16 18 18 19 19 21 23 23 24 24 22 19 16 13 12 12 12 12 15 18 17 16 15 15 14 16 15 14 14 17 16 15 13
9 11 12 9 9 8 10 12 10 8 8 9 10 10 9 8 8 7 7 7 7 8 8 8 8 7 8 9 7 8 10 11 10 9 9 9 11 11 9 9 10 9 8 9 9 8 9 9 9 10 9 9 9 11 11 10 10 11 15 17 17 19 20 20 20 20 20 21 23 22 22 22 21 21 17 13 16 18 19 19 18 17 17 16 16 19 19 16 18 19 16 14 15 15 15 14
8 9 9 8 9 11 13 14 11 9 9 9 9 8 8 9 9 8 7 8 8 8 8 7 7 8 9 8 8 8 9 10 11 11 10 9 9 9 8 9 10 9 9 9 9 11 10 9 10 9 10 9 9 9 10 10 10 12 15 15 15 16 20 23 22 21 22 21 22 23 22 21 20 19 17 17 19 22 24 22 21 18 17 18 18 18 17 17 18 16 13 13 14 15 15 14
9 10 10 11 11 12 12 11 11 10 9 9 10 9 9 8 8 7 7 8 7 7 8 8 8 8 8 8 8 9 10 10 11 9 10 11 9 9 11 10 9 10 10 10 9 9 10 10 9 9 10 11 10 9 10 10 10 11 12 13 14 17 23 25 23 21 21 22 22 22 22 22 21 19 17 16 17 19 21 17 15 15 19 20 16 14 14 15 14 13 14 12 12 13 14 14
10 10 11 13 14 16 15 13 13 11 10 10 9 9 9 8 7 7 7 8 8 8 8 8 10 9 9 8 8 8 9 10 10 9 9 11 10 11 10 9 9 10 9 9 9 9 10 10 10 10 11 11 9 10 11 11 10 10 10 11 11 13 16 20 23 24 22 21 21 20 21 21 18 18 16 17 17 18 18 15 14 15 20 19 15 15 15 14 12 11 11 12 13 13 13 14
10 10 10 11 12 14 15 12 10 10 10 9 8 6 7 8 8 8 7 7 8 9 9 7 7 9 10 8 7 7 7 8 9 9 10 11 11 11 11 12 11 11 11 9 9 9 9 9 9 9 9 8 9 10 9 10 11 10 9 10 10 10 10 11 14 17 20 20 19 19 19 20 19 19 18 17 16 17 17 14 12 13 16 14 13 14 14 13 12 12 12 13 14 13 12 13
10 10 9 8 8 11 12 10 9 10 9 8 7 8 8 9 8 7 7 7 7 8 8 8 7 7 8 8 6 6 7 7 8 8 8 9 11 11 10 10 10 11 9 9 9 11 12 12 10 7 8 9 9 10 10 10 10 10 10 10 11 9 9 10 11 11 13 16 15 13 13 13 14 15 15 16 16 15 15 13 13 14 13 13 12 12 12 11 11 13 14 14 12 11 12 12
