Data/Raster2/N52E006.asc
ncols        1201
nrows        1201
xllcorner    5.999583333333
yllcorner    51.999583333333
cellsize     0.000833333333
NODATA_value -32768
[rows 130 to 194 of 1201, columns 1056 to 1151 of 1201]
8 6 7 8 8 7 7 8 7 6 6 6 5 6 6 6 7 7 7 7 6 7 8 8 8 7 7 6 6 6 6 6 6 6 5 6 7 6 6 6 6 6 5 6 6 6 6 7 7 6 6 7 7 6 7 7 9 9 12 13 12 10 8 8 10 9 9 9 9 8 7 7 8 7 7 7 7 7 8 8 7 7 8 7 6 8 7 7 7 6 7 7 7 7 7 7
8 7 8 9 8 7 6 7 7 6 6 6 6 6 7 7 8 8 7 8 7 7 7 7 8 8 7 7 6 6 7 7 7 6 6 5 5 6 6 6 6 6 6 7 7 7 7 6 6 6 6 7 6 6 7 7 8 8 11 12 11 10 11 10 10 10 9 9 8 7 8 7 7 7 7 7 6 6 7 7 8 7 7 7 8 7 6 7 7 7 8 8 8 7 7 6
8 8 8 8 7 7 6 7 7 7 7 7 7 6 7 6 6 7 7 8 7 8 8 7 8 8 7 6 6 7 6 6 7 7 7 6 6 7 7 6 6 6 6 6 6 6 6 7 7 6 6 7 7 7 6 7 7 6 8 8 8 10 12 12 11 11 11 10 9 8 8 7 7 7 6 7 7 7 7 7 7 7 7 7 7 6 6 6 6 7 7 7 8 8 7 7
7 7 7 7 7 7 7 7 8 7 6 6 6 6 6 7 7 7 7 7 7 7 7 7 7 8 7 7 7 7 6 6 7 7 8 7 6 6 6 6 7 7 7 7 7 6 6 6 7 7 6 7 8 7 6 6 7 6 7 9 9 10 11 12 12 12 11 11 9 9 9 8 8 7 8 7 7 7 7 6 6 7 7 6 7 7 7 6 6 7 6 6 6 7 7 7
7 8 8 7 7 7 7 6 7 8 6 6 7 7 6 6 7 6 7 6 6 6 7 7 7 8 8 7 7 7 6 7 6 6 7 7 7 6 6 7 7 6 6 6 6 6 7 7 7 6 6 7 7 7 7 7 7 6 7 8 8 9 9 9 11 13 12 10 11 10 8 8 8 7 7 7 7 6 7 7 7 7 7 6 7 8 8 7 6 7 6 6 6 7 6 6
8 8 8 7 6 6 6 6 6 7 7 7 7 7 7 7 7 7 7 6 6 6 6 6 7 9 9 7 7 7 6 6 6 5 6 7 7 7 6 6 6 7 6 6 6 6 6 6 5 6 7 6 6 7 7 7 7 7 7 7 7 8 9 9 10 12 12 10 10 12 10 8 8 8 7 6 6 7 7 7 7 7 7 7 7 7 7 7 7 7 7 7 8 7 7 7
8 8 8 7 6 6 6 6 7 6 7 7 6 6 7 8 8 8 8 6 6 7 6 6 7 8 9 7 7 7 8 7 6 6 7 7 6 6 6 6 6 6 7 7 6 7 7 6 6 6 6 5 6 6 7 7 7 6 7 8 8 8 9 9 9 10 12 13 11 12 12 9 7 7 7 7 7 7 7 8 7 8 8 8 8 7 7 8 8 8 8 8 7 7 7 6
9 8 7 7 6 6 6 6 6 6 7 7 6 6 7 8 7 7 7 6 6 7 6 6 7 7 8 8 7 7 7 7 6 6 7 7 7 7 7 6 6 7 6 7 7 6 6 6 6 6 7 7 7 6 6 7 7 7 7 8 8 8 8 9 9 10 11 12 12 10 9 7 6 7 7 7 7 7 6 7 7 7 8 8 8 7 6 7 6 6 7 7 7 8 7 7
9 8 7 7 7 6 6 6 7 6 7 7 7 7 7 7 7 7 7 6 6 7 6 6 7 7 7 8 7 6 6 6 7 7 7 6 7 8 7 7 7 7 6 6 6 6 6 6 6 7 7 7 6 6 6 7 7 7 7 7 7 8 8 8 9 10 9 10 11 9 8 7 8 8 6 8 8 7 6 6 7 6 7 8 8 7 7 8 7 7 7 6 6 7 7 7
9 8 7 7 7 7 7 7 7 7 7 7 6 7 7 7 6 6 5 5 5 6 6 7 6 6 8 9 8 8 8 7 7 7 6 6 7 7 7 7 8 7 6 7 6 7 7 7 6 6 7 7 7 6 6 8 8 8 8 7 7 7 7 7 7 8 7 8 12 11 9 8 7 6 6 8 8 7 6 7 7 7 7 7 8 8 8 7 6 7 6 6 7 7 6 7
8 9 9 8 7 6 7 8 7 7 6 6 7 7 7 7 7 6 6 6 6 6 5 6 7 7 7 7 7 7 7 8 8 7 7 7 8 7 7 7 6 6 7 6 7 7 7 7 7 6 7 7 7 7 6 7 8 7 7 7 7 7 7 7 8 8 8 7 7 10 12 10 8 7 7 7 9 7 6 7 7 7 7 6 6 6 8 8 7 7 6 7 7 8 8 7
8 8 8 8 7 6 7 7 7 7 6 7 6 6 7 7 7 7 7 7 6 6 6 6 7 8 7 7 7 6 7 7 8 8 8 7 7 7 7 7 6 7 7 7 7 7 7 6 6 7 7 7 7 7 8 7 6 7 6 7 7 7 7 7 8 8 8 8 7 7 10 12 11 9 9 9 8 7 6 7 7 7 6 6 6 7 8 8 7 7 6 6 6 7 7 7
9 8 7 8 8 7 8 7 7 7 7 7 6 6 6 7 6 6 7 7 7 7 6 6 6 6 6 7 8 7 7 7 8 8 8 8 8 7 7 6 6 7 7 6 6 7 7 7 6 7 7 7 7 7 7 7 6 7 7 7 8 8 7 6 7 8 8 8 8 8 7 9 12 12 10 9 8 8 8 8 8 7 7 6 7 7 6 7 7 8 7 6 7 7 8 9
9 10 9 9 8 8 8 8 7 7 7 7 6 6 6 6 6 6 7 8 7 7 7 7 6 5 6 7 7 6 6 6 7 7 7 7 6 7 6 7 7 7 6 5 6 7 8 6 6 7 8 7 7 6 6 6 7 7 7 7 7 8 7 7 8 7 6 7 7 7 7 8 8 9 11 11 9 8 8 8 8 7 8 7 7 8 7 7 6 7 7 7 8 8 8 9
12 9 9 8 8 8 8 8 8 7 7 7 6 6 6 7 5 6 7 6 7 7 7 6 6 5 7 7 7 6 6 7 7 6 6 7 7 7 7 8 7 7 6 6 7 7 7 6 6 7 7 7 6 6 7 6 6 7 7 7 6 7 7 6 6 7 7 7 7 7 8 8 7 8 9 11 11 9 7 8 8 8 8 8 8 8 8 7 7 8 8 9 10 9 9 9
13 12 10 10 10 9 8 8 8 7 7 7 7 7 7 7 6 6 6 6 6 6 6 5 6 7 7 7 7 7 8 8 7 7 7 7 7 7 7 7 7 7 7 7 7 7 6 7 6 6 7 7 7 7 6 6 6 7 7 7 7 7 7 7 8 8 8 8 8 8 8 8 7 8 8 9 10 10 9 8 7 7 7 8 8 8 8 8 8 9 10 11 10 9 9 11
16 13 11 11 10 9 8 8 8 8 7 6 6 7 8 7 7 6 6 6 6 5 5 6 6 6 6 7 7 7 8 8 8 7 6 7 8 7 7 7 7 6 7 7 7 8 8 7 7 7 7 7 7 7 7 7 7 8 7 7 8 7 7 6 7 7 7 7 8 8 8 8 8 10 9 9 9 10 9 9 8 7 6 6 7 8 8 9 10 10 10 10 11 11 11 9
17 15 13 12 10 10 9 8 8 8 8 7 7 8 8 7 7 6 6 6 6 6 6 5 6 7 7 7 8 8 8 8 8 7 6 7 7 6 6 7 7 7 7 7 8 8 8 8 7 6 6 6 6 6 7 7 7 7 7 7 8 7 7 7 7 7 7 7 7 7 8 9 8 8 9 10 9 8 9 9 8 8 7 7 9 10 9 9 11 11 11 10 10 10 10 8
19 17 14 13 13 11 9 8 8 8 8 8 8 8 7 7 7 7 6 6 7 6 6 5 6 5 6 6 6 7 7 7 7 7 6 6 6 7 7 7 7 6 7 7 7 7 8 8 7 6 7 7 7 5 6 6 6 7 7 7 7 7 7 7 7 6 6 5 6 7 8 9 8 8 8 8 9 9 9 9 9 9 9 9 8 9 8 10 11 11 10 9 8 7 7 8
21 20 17 13 12 12 11 10 10 9 8 8 8 8 8 7 7 8 7 6 6 6 6 6 5 6 6 7 8 7 7 7 7 7 7 7 7 7 6 7 7 6 6 7 7 8 7 7 7 7 6 6 6 6 6 6 7 7 6 7 7 7 7 7 7 7 6 6 7 7 8 7 8 8 8 8 8 9 8 7 8 10 10 9 9 10 10 10 11 10 10 8 7 7 6 7
23 21 19 15 14 12 11 10 9 8 7 6 7 8 8 7 7 7 7 7 6 6 6 6 6 6 6 7 8 7 7 7 7 7 8 7 7 8 8 8 6 7 7 8 8 7 8 7 7 7 6 6 7 6 7 7 7 7 7 7 7 7 7 7 7 7 7 7 8 8 8 8 8 7 8 8 7 8 8 9 9 10 10 11 11 10 9 8 8 8 8 8 8 8 8 7
22 20 18 15 13 11 11 9 9 8 8 7 6 7 7 6 6 7 7 7 7 6 6 6 6 7 7 7 7 7 7 7 8 7 8 8 7 7 7 7 7 7 7 7 7 7 7 7 6 7 6 6 6 6 7 7 7 7 8 8 7 6 7 7 8 7 7 8 9 8 8 8 8 8 8 9 9 9 9 9 9 9 10 11 11 10 9 7 6 6 7 7 8 7 7 7
21 19 18 18 15 13 12 11 10 9 9 9 7 7 7 7 7 7 7 6 6 6 7 7 6 6 6 7 7 8 7 7 7 7 7 7 7 6 7 7 7 7 7 6 6 7 6 6 6 6 6 6 6 6 7 7 7 7 8 7 7 6 6 8 8 7 7 8 7 8 8 8 8 7 7 9 9 9 10 10 10 9 8 9 9 8 8 8 7 7 8 8 8 7 6 6
21 19 18 18 15 12 12 11 10 9 9 8 9 8 8 7 7 8 7 7 7 7 6 6 7 7 7 7 7 7 7 7 7 7 7 8 7 7 7 7 8 8 7 7 6 6 6 6 6 7 8 8 7 7 7 7 7 7 7 7 7 7 7 7 7 7 8 7 7 7 7 7 8 9 9 9 9 9 9 9 9 8 7 7 7 7 7 7 8 7 8 8 7 7 7 8
20 18 17 18 16 12 11 12 11 10 10 8 8 7 7 8 7 7 8 8 7 7 6 6 6 7 7 6 6 7 7 7 7 7 7 8 7 7 7 7 7 7 7 6 7 7 7 6 6 7 7 7 7 7 7 7 7 7 7 6 6 7 7 7 6 7 7 7 8 8 8 8 9 9 9 9 10 10 10 9 9 8 7 6 6 7 8 7 7 7 8 7 7 7 7 7
17 17 20 21 20 15 13 12 11 10 10 9 8 8 8 7 7 7 7 7 6 6 7 6 7 6 6 6 7 7 7 7 8 7 7 7 8 6 7 7 7 6 6 6 6 6 7 7 7 7 6 7 7 7 7 7 7 7 6 7 8 7 7 7 6 7 8 9 11 11 10 8 7 9 10 10 10 9 10 9 9 9 8 7 7 7 7 7 7 6 7 7 7 7 7 7
22 26 28 26 21 17 14 11 11 10 10 9 9 8 7 7 7 7 6 6 7 7 8 8 7 7 7 7 7 7 7 7 8 7 7 7 7 7 7 7 7 7 7 7 7 7 7 7 6 7 7 6 6 6 7 7 7 7 7 7 7 7 7 8 7 8 10 10 11 12 12 10 9 8 9 10 9 9 8 7 7 7 7 8 8 7 7 7 7 7 7 7 7 8 8 7
34 37 38 36 26 19 16 12 11 11 9 8 8 8 8 8 7 7 7 7 7 8 8 9 9 8 8 7 7 8 7 7 7 7 7 7 8 8 7 7 6 6 7 7 7 7 7 7 7 7 7 7 7 6 7 7 8 7 7 6 6 8 7 8 9 10 11 10 10 10 10 10 10 9 9 9 8 7 7 8 7 8 8 7 7 7 8 8 8 7 7 7 7 8 8 8
36 40 40 38 29 20 17 13 11 11 9 9 9 8 8 8 7 7 7 7 7 8 8 7 7 9 8 8 7 7 7 7 8 8 8 7 7 6 7 7 7 7 8 7 7 7 7 8 7 7 6 7 8 8 8 7 7 8 8 7 7 7 8 9 9 11 11 10 10 10 10 9 8 8 8 9 9 8 8 7 7 7 7 7 7 7 7 7 7 8 8 8 7 8 8 7
37 39 37 31 24 20 17 14 12 10 10 10 9 9 8 7 7 7 7 7 7 7 8 7 6 7 7 7 7 7 7 7 7 8 8 8 8 7 6 7 7 7 6 6 7 7 7 8 7 7 6 7 7 7 7 7 8 8 8 8 8 9 10 11 11 10 10 9 8 8 8 8 8 9 8 7 7 7 7 7 6 7 7 7 7 8 7 7 7 7 8 8 7 8 8 8
31 29 26 23 21 21 19 15 12 11 11 10 9 8 8 8 7 7 7 7 7 7 7 7 7 8 7 8 8 7 7 7 7 7 7 7 8 7 7 6 7 7 7 7 7 8 7 7 7 8 7 7 7 7 7 7 8 8 9 9 10 10 9 9 9 10 10 8 8 8 7 8 8 8 8 8 7 8 8 8 7 7 7 7 8 8 7 8 8 8 8 8 7 7 7 7
26 24 24 24 22 21 20 17 14 12 12 11 10 8 8 7 7 7 8 9 7 7 8 7 6 6 7 8 8 8 8 7 7 7 8 8 8 7 7 7 7 7 7 7 7 8 7 7 7 6 7 7 7 7 7 8 9 10 10 9 10 10 10 9 9 9 9 8 8 9 8 7 8 9 9 8 7 7 7 8 9 8 7 7 8 8 7 8 8 8 8 8 8 6 7 7
27 27 26 25 24 22 19 17 15 13 12 11 10 9 9 8 7 7 8 7 7 7 7 7 7 7 8 8 8 8 8 7 7 8 8 7 7 7 8 8 8 7 7 7 8 8 7 7 7 7 7 8 8 7 8 10 12 12 10 9 9 10 9 8 8 8 8 8 8 8 8 8 8 8 9 9 8 9 9 9 9 8 7 7 7 8 8 8 8 7 8 8 8 7 7 8
27 26 26 24 24 23 21 20 17 15 12 10 9 10 9 9 7 8 8 8 7 7 7 7 7 7 7 7 7 7 8 8 7 8 8 8 7 7 7 7 8 7 7 8 9 7 7 7 6 7 7 9 11 11 11 12 13 12 12 11 10 9 8 8 8 8 7 8 8 8 7 8 8 8 8 8 8 8 8 9 8 8 7 7 7 8 8 8 8 8 8 8 8 7 7 8
25 24 25 24 24 24 22 20 19 15 12 11 11 10 9 9 8 7 8 8 8 7 8 7 6 6 7 8 7 7 8 8 7 7 8 7 7 6 7 7 7 7 8 8 7 7 7 8 8 8 9 10 13 14 12 10 10 9 8 9 9 9 8 7 7 7 7 8 8 8 7 8 8 8 8 8 8 8 8 8 8 8 7 8 9 9 10 9 8 9 9 8 8 8 7 8
25 26 27 27 27 26 26 23 20 17 14 12 11 10 10 9 8 7 7 8 8 7 7 8 8 7 8 7 7 8 8 8 8 7 7 8 8 7 7 8 8 8 7 7 7 6 7 7 9 10 11 11 10 10 10 11 11 9 8 8 8 8 8 8 8 8 8 8 8 8 8 8 8 8 8 8 8 8 7 8 8 8 8 10 10 10 9 8 8 8 8 8 8 7 7 8
25 26 26 27 27 27 26 25 22 19 15 13 12 11 10 9 9 8 8 8 8 8 9 9 9 8 8 7 7 7 7 7 7 8 8 7 7 7 7 7 7 7 8 7 6 7 8 9 9 8 8 10 10 9 8 8 8 8 8 8 7 8 8 8 8 8 8 7 7 7 7 8 8 8 8 8 8 7 7 8 9 8 8 7 8 10 8 7 9 8 8 7 8 8 7 7
25 26 27 27 27 28 28 25 22 19 16 14 13 13 11 9 9 9 9 9 9 9 8 8 7 7 7 7 7 8 8 7 8 7 7 7 7 7 8 8 7 7 8 8 9 10 10 11 12 10 9 9 9 8 8 7 7 7 7 7 7 8 8 7 8 9 10 9 8 8 8 8 8 9 9 8 7 7 8 9 8 9 9 8 8 9 8 7 8 8 8 8 8 8 8 8
25 26 27 27 26 26 25 23 21 19 18 16 14 13 12 11 12 11 10 9 8 9 8 7 7 7 7 8 8 8 7 7 8 7 8 8 8 8 8 8 7 7 9 10 9 10 11 10 11 10 8 8 8 8 8 8 7 7 7 7 7 7 7 7 7 8 9 9 9 8 8 8 8 8 8 8 7 7 8 9 8 9 9 9 8 8 8 8 8 8 9 8 8 8 8 8
22 23 23 23 23 23 22 21 20 19 19 18 15 14 14 12 10 9 9 9 9 8 7 8 9 7 7 8 7 7 7 7 7 7 8 9 8 8 8 8 8 9 9 9 9 9 9 9 8 8 8 7 6 7 6 7 6 7 7 7 7 7 7 8 8 7 7 7 8 8 8 9 9 8 7 7 7 7 7 9 8 8 9 8 8 8 8 8 9 8 8 7 8 8 9 9
22 22 21 22 22 23 22 21 19 18 17 16 16 13 12 11 11 10 9 9 9 9 7 7 8 8 7 7 6 7 7 8 8 7 7 8 8 8 8 9 9 8 7 9 9 9 8 7 8 7 6 7 7 7 7 7 7 7 7 7 7 8 8 7 6 7 8 7 8 8 9 9 8 8 8 8 8 8 9 9 8 8 8 8 8 8 9 9 8 8 8 8 8 8 8 8
21 22 22 22 22 22 22 21 20 18 17 16 15 16 14 12 11 11 11 10 9 8 8 8 8 8 7 7 7 8 8 8 8 8 8 7 7 8 8 9 9 8 8 7 7 8 7 7 7 7 7 7 8 7 7 7 7 7 8 7 7 7 8 8 7 7 8 7 8 8 8 8 8 8 8 7 8 9 8 9 9 9 9 8 7 8 8 8 8 8 8 8 9 8 8 8
21 21 22 22 22 22 22 22 20 18 17 17 17 19 18 14 13 12 11 10 9 9 8 8 8 8 8 7 7 8 8 8 8 8 8 8 7 7 8 8 9 10 8 7 6 7 7 8 8 7 8 8 7 7 7 8 7 8 9 8 8 8 8 7 7 7 7 8 8 8 7 8 8 8 7 8 8 8 7 8 8 8 7 7 7 8 8 8 8 8 8 8 8 7 8 8
22 22 21 21 21 22 21 21 22 21 20 20 20 20 19 17 15 13 12 11 11 10 9 8 8 8 8 7 8 8 8 8 8 7 7 7 7 8 9 8 8 9 9 7 7 7 7 7 8 7 7 8 8 7 7 8 7 7 7 7 8 8 8 8 8 8 7 7 6 7 7 8 8 8 8 9 8 8 8 9 8 7 8 8 8 7 7 8 8 9 9 9 10 9 8 9
21 21 21 20 21 22 22 21 22 21 20 20 21 19 18 18 16 13 12 11 10 10 10 9 9 8 8 8 8 8 8 8 8 7 7 8 8 8 8 7 6 8 9 8 7 7 7 7 8 8 8 8 7 7 7 7 7 6 7 8 8 8 8 8 8 8 8 7 8 7 7 8 8 8 9 8 8 9 11 10 9 8 7 7 8 8 7 8 9 9 8 7 8 8 9 10
20 20 20 20 21 22 21 21 21 21 21 21 20 20 20 18 17 15 13 12 11 11 10 10 9 9 8 8 8 8 8 9 8 7 7 7 8 8 8 9 8 9 9 8 9 9 8 8 8 7 7 7 7 7 7 8 7 6 7 7 7 8 9 7 7 7 7 8 8 7 6 7 8 7 7 8 8 8 10 10 9 9 8 8 9 8 9 9 9 8 7 8 9 9 8 10
21 20 21 21 21 22 23 21 22 22 22 21 20 21 20 19 18 16 14 13 12 10 10 9 9 8 8 7 7 7 7 8 9 8 7 7 7 7 7 8 9 9 7 7 10 9 8 9 8 7 7 8 7 6 7 7 7 6 7 8 8 8 8 8 8 8 8 8 8 8 7 7 8 8 8 8 8 9 9 8 8 8 8 9 8 9 8 8 9 9 8 8 8 8 8 9
19 20 22 27 29 29 28 25 22 20 21 22 22 22 21 21 19 17 16 14 13 11 10 9 9 10 9 8 8 9 8 8 7 7 8 8 7 8 8 8 8 7 7 8 9 8 9 10 10 8 8 7 6 7 7 7 8 7 6 7 7 7 7 8 8 8 7 7 7 6 6 7 8 7 8 8 8 8 8 8 8 8 8 8 7 7 7 8 9 9 9 8 8 7 8 8
21 20 22 27 28 26 26 25 22 21 21 22 23 22 21 21 19 18 18 17 14 12 11 10 9 9 10 10 9 9 9 9 8 8 8 7 7 7 7 8 8 9 9 9 9 7 7 9 10 10 10 8 7 7 7 8 8 8 7 7 8 8 8 7 7 8 8 9 8 8 7 7 8 8 8 9 8 8 8 8 9 9 9 8 8 8 8 8 8 8 8 8 8 8 8 8
21 21 22 22 22 22 23 24 22 21 20 20 21 22 22 21 20 20 19 17 16 14 12 11 10 9 10 10 10 8 8 8 8 9 8 8 8 8 7 7 7 8 8 8 7 8 8 8 10 10 10 9 8 8 7 8 9 8 9 10 10 9 8 7 8 8 8 8 9 9 8 7 7 7 8 8 8 7 7 8 8 8 8 7 8 8 8 8 8 9 8 8 9 9 9 8
27 25 23 23 22 20 20 21 21 21 21 21 22 22 23 22 22 22 19 17 17 15 13 12 11 10 9 9 9 9 9 8 8 9 8 8 8 8 8 7 8 9 8 8 7 8 9 9 10 12 12 11 10 9 9 9 9 9 9 8 8 7 7 8 7 8 8 8 9 8 8 8 8 8 8 8 7 8 8 7 7 8 8 8 8 8 8 9 9 8 9 10 9 9 9 8
23 23 22 23 22 20 21 21 21 20 22 24 23 22 22 22 21 20 20 19 18 16 15 13 11 11 11 10 9 9 9 9 9 9 9 9 9 8 8 8 8 8 8 8 9 10 9 8 9 10 11 10 9 9 9 9 9 8 8 7 7 7 7 8 8 9 8 8 8 8 7 7 8 8 8 8 7 8 8 8 8 8 8 9 8 9 9 8 8 9 10 10 10 10 10 10
20 20 20 22 23 22 22 21 20 21 22 23 23 23 22 23 22 21 21 21 20 19 18 15 13 12 11 11 10 10 9 8 9 9 10 10 10 8 8 9 9 9 8 8 8 7 8 8 8 8 8 9 9 9 9 9 8 8 9 8 9 9 8 8 8 8 8 8 8 8 8 8 8 8 8 8 8 7 7 8 10 10 8 8 8 8 8 8 9 8 8 10 11 11 10 9
20 20 20 22 22 21 22 21 21 21 21 22 22 23 24 24 24 25 24 24 23 21 19 18 16 14 13 11 11 10 10 10 10 10 10 10 9 9 9 9 9 8 8 8 7 8 8 8 9 9 9 9 9 9 9 9 8 9 9 8 8 8 8 8 9 8 8 8 8 8 9 8 7 8 8 8 8 8 8 9 8 9 9 8 8 8 8 9 9 9 9 10 11 11 10 10
20 21 21 23 23 22 23 22 21 21 22 22 23 25 25 24 25 25 25 25 24 23 21 20 19 16 14 12 12 11 10 11 11 12 11 11 10 10 10 10 9 9 9 8 8 8 8 8 8 8 9 9 10 10 9 9 9 9 9 8 8 8 8 9 9 8 8 8 7 8 7 7 8 8 8 8 9 9 9 10 9 9 8 8 8 8 8 8 9 9 10 11 10 11 12 12
21 22 22 25 27 24 22 22 22 22 23 23 24 24 24 25 25 26 25 24 23 22 21 21 19 16 15 13 13 12 12 11 11 11 11 10 10 9 9 9 9 9 9 9 9 8 8 8 9 10 9 9 11 12 10 10 9 8 8 8 8 8 8 8 9 8 8 8 7 8 8 8 8 9 8 8 8 9 10 11 10 11 10 9 10 11 10 8 9 9 10 11 11 12 12 12
20 21 23 26 26 24 24 24 23 22 22 21 21 23 25 25 25 24 24 25 23 23 22 22 22 17 15 14 13 12 11 11 11 10 10 10 9 8 8 9 9 9 9 8 8 8 8 9 9 8 9 9 9 10 11 11 9 9 9 9 9 9 8 8 8 9 8 8 8 8 8 8 8 8 8 8 8 9 10 11 12 12 11 11 12 12 12 11 11 12 13 12 12 12 11 10
21 22 22 24 25 24 24 25 25 23 22 21 22 23 24 25 25 24 23 23 22 22 20 20 22 20 17 15 14 12 12 11 10 10 10 10 9 9 9 9 9 9 9 8 8 9 10 9 9 8 8 9 8 8 9 9 9 10 10 10 9 8 8 8 8 9 9 9 8 9 8 9 9 9 10 10 9 8 9 11 12 10 10 11 11 11 11 11 11 11 11 12 11 10 9 10
23 23 23 23 22 22 22 23 23 22 21 21 23 24 25 25 24 23 23 22 21 20 20 20 19 19 16 15 14 13 12 11 11 11 10 9 9 10 9 9 8 8 8 8 9 9 9 8 8 10 10 10 8 9 9 9 9 9 9 10 9 9 8 8 8 9 8 9 9 10 11 9 8 9 9 9 9 9 9 10 10 9 8 9 9 9 11 11 10 10 10 10 10 9 10 11
24 23 23 22 21 22 24 24 23 22 21 22 23 23 23 23 22 21 21 21 21 20 20 20 19 19 17 15 14 12 12 12 11 11 10 9 9 9 9 9 9 8 9 9 9 9 9 9 9 9 9 9 9 8 8 8 8 9 9 10 10 9 9 9 8 8 8 8 9 9 9 9 8 8 9 9 8 8 9 8 8 8 8 9 9 11 11 10 9 10 10 10 10 10 10 10
23 24 24 24 24 25 26 26 25 25 25 24 23 22 22 21 19 19 19 19 19 20 20 20 18 18 18 17 15 14 13 11 10 11 11 10 9 9 9 10 9 9 9 9 10 10 9 9 9 9 9 9 10 9 9 9 9 8 9 9 9 9 9 9 9 9 9 9 8 8 9 8 8 8 8 8 9 8 7 8 8 8 8 8 9 11 11 9 9 10 8 8 10 10 10 10
23 23 24 25 25 26 26 24 24 23 23 23 22 21 20 20 19 18 18 19 18 17 19 18 17 17 17 17 15 14 14 12 12 11 10 10 10 9 9 10 10 10 9 8 9 9 9 8 9 9 9 10 10 9 9 9 9 9 9 8 9 9 8 9 9 10 9 8 9 9 8 8 8 8 8 8 9 8 9 8 8 8 9 8 10 12 11 10 9 9 8 8 10 9 10 9
24 24 24 25 24 25 24 22 21 21 21 21 20 19 19 19 19 19 18 17 16 16 17 17 16 15 15 15 15 14 13 13 12 11 11 10 10 10 10 9 9 9 8 9 9 9 9 9 10 9 9 10 10 9 9 8 7 8 9 9 9 9 9 8 8 9 9 9 9 9 9 8 8 8 8 8 8 8 8 8 8 9 9 10 11 11 10 9 9 9 9 9 9 10 10 11
25 25 25 23 23 23 22 22 21 21 21 21 21 20 19 19 18 18 19 22 21 16 15 15 14 14 14 15 17 17 16 15 13 11 12 12 10 9 10 9 9 9 9 9 9 9 9 9 9 9 9 9 9 9 9 9 9 9 8 9 10 9 8 8 8 9 9 9 9 8 8 8 9 8 8 8 8 8 8 8 8 8 9 10 10 9 9 8 9 9 9 9 9 9 9 10
23 22 22 22 21 21 21 22 21 20 20 19 20 19 18 19 20 19 20 24 22 17 14 14 13 14 15 18 20 20 18 16 14 12 11 11 11 11 10 9 10 10 9 10 9 10 10 9 8 9 9 9 9 9 9 10 10 9 9 9 8 8 9 9 9 8 9 10 9 9 9 8 8 7 8 8 7 8 8 8 9 9 10 9 9 8 8 8 9 9 9 9 9 9 9 9
