Data/Raster2/N52E006.asc
ncols        1201
nrows        1201
xllcorner    5.999583333333
yllcorner    51.999583333333
cellsize     0.000833333333
NODATA_value -32768
[rows 780 to 844 of 1201, columns 1056 to 1151 of 1201]
21 19 19 20 20 21 22 23 21 20 20 20 22 21 21 21 21 21 20 20 21 21 21 21 21 21 22 24 25 23 23 23 23 22 23 25 25 25 25 24 24 25 25 25 26 28 29 28 27 28 28 28 28 29 28 28 26 26 29 28 28 27 26 27 27 28 28 28 27 29 30 29 29 27 25 25 25 26 27 28 27 27 30 33 35 37 37 37 38 39 39 38 39 42 42 39
18 20 20 19 19 21 22 22 22 22 21 22 22 22 22 24 26 25 23 23 22 23 23 22 23 23 23 23 24 24 24 26 25 23 23 25 24 24 25 25 24 25 26 26 26 27 27 27 28 29 28 27 27 27 26 27 26 25 26 27 27 27 27 28 28 29 29 28 27 28 28 27 30 32 31 29 26 27 27 28 30 30 32 35 33 33 36 37 37 34 34 36 38 38 39 37
19 20 19 20 19 19 20 20 19 21 25 24 23 20 20 23 27 28 28 25 22 21 21 22 23 22 22 23 24 22 23 25 27 26 25 24 23 24 25 25 25 26 25 24 27 28 28 27 27 28 28 26 27 26 27 30 30 32 33 31 28 28 28 29 29 28 29 28 29 27 26 26 28 33 33 33 32 29 27 27 27 28 29 35 35 34 35 36 34 30 32 37 39 38 39 39
19 20 20 20 20 21 22 20 19 20 24 25 25 23 24 23 22 23 23 23 22 21 21 21 22 22 23 22 22 23 23 24 24 25 26 26 23 24 24 25 26 25 25 25 26 28 28 26 24 25 26 27 26 27 27 27 29 32 31 28 29 30 29 28 30 29 28 28 28 27 27 27 28 33 35 33 34 36 33 29 28 28 28 30 29 31 37 36 34 35 40 42 41 41 40 39
20 20 20 19 18 19 20 20 20 20 21 22 22 23 23 22 23 23 22 23 22 23 23 25 26 23 21 21 23 23 22 21 22 22 23 26 26 24 25 26 25 25 25 25 26 28 28 28 27 26 26 27 27 27 27 28 28 27 28 28 29 32 33 30 28 28 28 28 28 29 29 29 31 32 31 32 36 37 38 37 32 30 29 29 27 27 31 35 36 40 41 40 40 41 42 41
21 22 22 20 20 20 20 22 21 21 21 20 21 22 22 21 21 23 22 23 24 23 23 27 27 24 24 22 21 23 24 24 22 21 22 24 25 25 27 25 24 25 25 27 27 27 27 27 29 30 28 29 29 28 27 28 28 28 28 27 27 29 29 27 24 26 28 28 30 29 29 29 30 32 33 37 41 41 37 36 35 31 30 29 31 31 31 33 36 40 42 42 40 40 40 40
21 22 21 20 22 21 21 21 21 22 21 21 22 22 21 22 22 23 21 21 23 22 22 23 25 24 25 28 27 26 28 27 25 25 24 22 22 23 24 25 26 26 26 26 26 27 27 27 28 29 28 29 29 28 28 29 29 28 28 28 27 27 27 25 26 27 28 29 29 29 29 29 31 32 33 35 40 42 39 39 37 35 34 36 37 32 28 29 31 37 41 43 40 40 40 40
25 26 28 27 26 27 24 21 21 21 22 21 20 21 21 23 22 23 23 24 23 22 22 22 22 23 26 27 26 23 23 23 22 24 25 23 22 22 23 23 26 29 28 26 26 27 27 27 28 28 28 27 28 29 29 29 29 29 29 30 29 29 28 25 26 29 30 31 31 29 30 32 32 32 35 41 46 46 44 44 42 40 40 40 40 33 30 31 33 39 43 42 39 34 34 38
28 28 28 28 29 27 25 21 21 21 21 22 21 21 22 21 23 24 24 26 23 21 22 24 23 23 25 26 23 22 24 24 24 23 23 24 24 25 29 32 32 32 30 27 26 27 27 27 28 28 28 28 29 31 31 28 28 28 28 29 29 31 32 31 29 30 34 34 32 30 31 31 31 32 37 44 47 43 42 41 41 41 42 41 39 34 34 36 37 38 40 41 37 32 31 32
20 22 22 21 21 22 22 20 20 20 22 22 21 20 21 21 23 24 24 27 27 23 22 24 26 26 28 28 26 28 30 30 27 25 25 25 24 27 32 35 30 28 28 29 32 31 30 27 27 27 28 28 28 30 29 28 27 28 28 29 29 29 29 29 30 31 31 31 31 35 35 32 30 31 33 36 42 44 43 37 34 35 38 39 39 36 35 34 33 33 39 43 36 32 31 30
19 20 20 19 20 20 20 20 20 20 20 22 22 22 23 23 24 25 26 28 31 27 24 24 24 24 26 28 25 25 26 27 26 25 23 25 25 27 28 27 25 28 30 28 29 28 27 26 28 30 30 30 30 30 31 30 28 30 30 29 30 30 28 29 30 31 31 31 32 37 39 37 33 34 34 33 35 38 38 34 33 34 34 40 39 35 33 34 38 40 42 43 40 38 38 36
22 20 21 21 19 21 21 21 21 21 21 20 22 23 24 25 26 27 28 27 25 24 24 24 25 23 24 24 23 26 27 26 25 26 24 24 25 25 26 26 27 29 30 29 28 28 29 27 26 28 32 35 30 28 31 34 33 32 30 29 30 30 31 30 31 33 33 31 31 34 37 42 39 34 34 33 35 35 33 35 35 35 41 41 36 35 35 40 43 38 35 35 38 42 43 43
22 22 22 21 21 21 21 22 23 21 20 20 23 25 23 24 25 28 29 28 27 27 26 25 25 25 25 25 27 29 30 27 25 26 26 26 25 25 26 26 27 28 27 28 29 30 29 28 27 28 28 29 29 28 28 29 30 30 30 31 32 31 30 30 32 33 34 32 31 31 33 36 34 33 33 33 34 35 35 36 38 42 45 42 36 35 36 43 46 41 35 34 34 37 42 46
21 21 22 21 21 21 21 22 22 21 21 20 23 24 23 24 24 27 29 28 25 25 26 26 27 27 27 26 29 29 29 28 27 26 26 27 27 25 25 26 28 29 27 28 29 30 29 27 26 27 27 27 27 28 28 28 28 29 29 30 30 29 28 30 33 34 34 32 31 32 32 34 34 34 34 36 34 33 35 40 42 40 40 42 38 34 34 34 37 39 39 39 36 35 38 44
20 21 22 20 20 21 22 21 22 23 23 23 25 25 25 24 25 29 30 26 25 24 24 25 25 25 26 26 27 28 27 27 28 28 26 26 28 28 27 28 29 29 28 28 29 30 30 29 30 31 31 28 27 28 27 28 29 30 30 29 30 30 30 32 34 33 32 32 32 34 34 33 33 33 35 36 36 39 44 43 38 37 37 38 40 42 38 35 35 34 36 37 37 38 37 38
21 19 20 21 21 21 21 21 22 21 22 23 24 26 26 23 22 25 27 25 24 25 25 25 25 26 27 27 26 28 28 28 31 30 28 27 28 29 28 28 28 29 29 28 27 28 28 28 28 28 29 29 28 28 28 29 29 29 29 29 31 32 31 32 33 33 33 33 33 34 34 34 34 33 34 36 34 39 42 39 35 34 35 37 40 45 44 42 39 36 35 38 40 44 45 44
22 22 22 22 22 22 22 21 21 21 22 23 22 23 24 23 25 25 26 28 26 26 25 25 25 24 25 26 25 26 27 28 29 29 28 28 28 29 29 30 29 30 28 26 26 27 27 27 28 27 30 31 28 28 28 29 29 28 29 29 30 31 32 34 35 35 37 36 35 36 35 35 35 35 36 37 37 38 37 36 35 36 37 41 45 47 47 48 48 46 41 39 39 42 45 45
22 22 22 22 23 24 23 22 21 22 22 22 22 23 24 27 27 27 27 27 27 26 27 28 27 27 27 27 27 26 27 29 30 28 28 28 29 30 29 29 28 27 27 26 26 28 28 29 29 29 30 31 30 30 30 30 30 30 30 29 30 32 33 33 35 36 36 36 37 39 39 40 39 38 39 40 40 40 40 39 38 38 41 48 48 47 47 49 48 49 50 49 45 44 43 44
23 23 22 22 22 23 23 23 23 25 23 21 22 25 24 25 25 24 24 25 27 28 28 27 27 28 29 28 27 27 27 27 28 27 29 29 30 30 30 29 28 28 28 27 27 28 29 29 29 30 30 31 31 31 30 30 30 32 33 31 32 32 33 33 37 37 36 39 39 39 38 39 40 40 41 40 39 40 41 42 42 45 51 53 51 50 49 49 47 46 48 49 46 43 43 45
22 23 23 22 21 21 21 20 20 22 25 25 24 25 26 26 26 23 24 26 25 26 26 26 27 27 26 26 26 27 27 26 27 28 28 30 30 31 30 29 28 27 28 29 28 28 30 29 28 29 29 29 30 31 31 31 33 33 32 32 33 33 32 31 35 36 36 37 37 38 41 41 40 41 42 42 43 41 39 40 44 50 51 49 52 53 51 50 49 50 52 53 52 49 46 47
22 22 23 22 20 21 21 20 21 22 23 23 23 24 25 25 25 25 26 25 25 26 26 27 28 26 27 27 26 27 28 27 28 29 30 29 30 31 31 29 30 31 31 29 30 29 28 28 27 29 30 29 29 31 32 32 33 32 32 33 34 32 31 33 36 36 35 34 36 42 44 42 41 41 41 41 40 39 39 43 45 46 48 48 48 46 45 45 46 50 53 55 54 49 44 46
21 21 22 22 23 23 22 22 21 22 23 23 22 24 26 24 23 24 25 24 24 26 27 27 28 28 27 26 27 26 26 28 28 29 30 31 31 28 29 29 28 30 31 30 29 29 30 29 28 30 30 28 28 30 31 31 31 32 33 34 34 34 35 34 35 37 38 36 40 43 46 48 44 42 42 41 41 40 41 44 44 44 43 42 41 42 41 43 45 47 50 54 55 53 50 46
20 20 21 21 21 22 23 22 21 22 23 22 23 25 26 24 22 22 25 26 26 25 26 26 25 28 28 27 26 26 29 28 30 30 29 32 32 30 31 31 30 29 30 30 31 32 33 31 29 28 28 30 30 31 31 31 30 32 34 35 34 33 33 35 36 37 38 37 40 42 43 46 43 39 39 41 43 43 44 43 42 41 41 40 40 41 43 45 46 46 45 48 54 55 50 47
21 20 20 21 21 20 20 20 21 21 22 23 24 23 25 25 24 25 25 23 24 24 26 25 24 25 27 28 26 26 27 27 29 31 30 31 32 32 31 30 30 29 30 31 32 32 33 33 32 31 31 30 31 31 31 32 33 33 33 34 33 33 33 34 35 35 35 37 38 37 37 40 40 37 37 38 38 40 42 43 44 44 44 42 41 43 44 45 44 44 46 46 47 48 47 46
22 22 21 23 22 21 21 21 24 23 23 24 24 23 24 24 23 24 23 21 24 24 25 25 24 25 27 26 25 26 28 30 32 31 29 30 33 32 32 31 31 30 30 30 31 32 31 31 31 32 32 32 33 33 33 33 31 31 33 34 33 36 36 34 34 36 36 37 39 39 38 39 37 35 35 36 38 40 42 44 44 46 47 45 43 44 42 42 43 45 48 53 53 48 44 47
22 22 22 22 23 23 22 21 23 24 23 22 25 24 24 24 24 25 25 24 25 25 25 25 24 26 27 26 26 27 28 30 30 28 26 26 27 27 28 28 29 31 31 31 32 34 34 32 31 31 32 33 33 34 35 34 33 33 35 36 37 36 36 35 36 37 37 37 38 38 37 38 38 38 37 37 37 41 43 43 41 43 45 46 45 45 46 47 48 51 55 54 50 49 51 56
22 23 22 22 23 24 23 22 22 22 23 25 27 26 27 26 27 28 26 25 25 27 26 26 24 26 29 28 28 31 30 28 27 26 27 27 27 27 27 27 29 31 33 34 33 32 33 33 33 33 35 35 34 33 33 34 34 35 36 36 37 38 37 36 37 37 38 38 40 38 36 36 36 37 39 40 39 39 41 43 42 41 41 43 44 44 50 56 56 53 52 49 46 46 48 54
22 23 22 22 21 21 22 23 23 24 24 24 25 27 27 25 26 26 24 25 27 30 30 29 29 25 25 28 30 32 31 27 27 26 26 29 28 26 25 27 29 29 27 30 31 33 33 33 35 34 35 35 35 35 35 35 36 38 39 39 40 39 39 40 39 39 40 40 40 38 37 37 38 39 43 47 48 46 43 44 44 43 44 46 48 50 54 55 56 55 53 49 48 49 50 50
22 22 21 21 20 21 23 23 22 22 23 23 23 25 26 24 25 26 25 25 25 25 25 26 26 24 25 27 29 28 28 27 27 26 25 27 29 29 28 28 28 28 29 31 32 33 32 34 35 37 37 36 36 37 37 38 39 40 42 42 42 42 42 43 43 43 43 42 40 39 40 40 41 46 53 54 53 50 49 49 49 46 43 46 54 57 57 58 59 59 56 50 49 49 50 50
22 23 24 22 21 21 22 23 23 25 24 24 25 24 25 26 25 24 25 25 23 24 24 26 25 24 25 25 25 26 28 27 28 27 26 25 26 28 29 32 32 29 30 32 32 33 35 34 34 36 37 36 37 39 40 41 42 44 44 45 46 46 46 45 46 46 45 45 46 45 44 43 45 53 53 50 52 51 49 46 47 47 47 49 53 54 57 60 64 65 61 51 51 51 53 55
21 22 24 22 22 23 22 22 23 25 26 26 25 24 25 26 25 25 27 27 25 26 26 26 28 27 26 25 25 27 27 27 28 28 27 27 27 27 29 33 32 30 30 31 32 33 34 36 38 37 38 38 38 39 40 41 43 44 46 48 49 49 50 50 51 51 52 51 52 50 49 49 48 52 54 52 51 49 47 47 46 48 50 50 50 51 54 62 66 64 59 54 56 56 58 58
23 23 24 23 23 22 24 23 23 27 28 28 29 26 24 26 27 27 28 27 29 29 28 28 28 27 26 26 28 28 28 27 28 28 26 26 27 28 32 34 33 32 31 31 31 31 34 37 39 37 38 39 39 41 41 43 44 46 47 48 49 50 51 53 54 56 54 53 53 51 57 63 62 59 59 60 56 51 51 51 50 50 51 56 61 64 65 68 69 71 65 65 71 73 68 63
24 23 26 26 25 23 24 23 22 23 24 24 26 27 26 27 26 27 26 26 27 29 27 26 26 28 30 30 29 30 29 26 26 28 28 27 27 29 32 32 31 32 32 32 32 32 35 36 34 35 36 38 40 42 42 42 43 45 47 49 50 50 51 52 51 54 55 53 54 58 61 63 64 62 58 56 55 55 57 58 58 63 68 71 76 76 73 73 79 88 88 84 82 81 75 71
22 23 24 27 26 24 23 24 25 25 24 24 25 26 26 28 29 28 27 27 27 28 27 25 27 28 27 27 27 28 30 29 27 28 30 30 30 30 30 30 30 31 32 33 32 33 37 39 39 38 39 39 40 40 42 42 43 46 48 50 51 51 50 50 50 52 53 54 55 58 61 63 63 62 59 57 58 59 60 62 66 73 77 78 78 77 75 75 82 90 92 88 79 79 82 80
23 24 24 24 24 21 22 25 26 25 26 27 26 26 27 27 27 28 27 27 30 31 29 27 27 28 28 29 32 30 28 28 30 30 30 31 30 30 30 30 30 30 31 33 34 36 39 39 38 37 37 39 40 41 42 43 44 46 45 47 48 48 48 50 52 52 55 55 55 56 57 59 61 61 62 61 62 63 65 67 70 74 75 74 74 74 74 76 81 86 88 85 78 81 88 85
24 25 24 25 26 22 23 26 25 26 28 29 27 24 25 27 26 28 29 29 29 28 28 29 30 29 29 30 29 27 27 29 31 31 31 31 29 30 32 31 31 31 32 35 38 39 38 38 38 38 37 40 41 41 42 43 44 45 44 46 47 48 51 54 54 55 56 56 56 56 57 58 60 62 64 65 67 71 72 71 69 69 69 70 73 73 74 78 83 86 87 83 79 82 86 83
24 24 24 25 26 25 25 26 29 31 34 35 32 28 28 28 26 27 28 28 28 28 28 28 28 29 28 27 26 26 28 29 33 35 34 32 31 32 32 31 31 32 32 34 36 37 38 38 38 38 39 39 39 41 42 42 43 44 45 46 47 47 50 52 52 54 55 55 54 55 57 58 61 68 72 75 78 80 78 73 70 69 69 72 73 73 74 76 79 83 86 80 77 78 79 79
26 26 25 25 25 24 25 29 32 33 33 31 31 31 33 33 30 29 27 27 28 28 29 28 29 29 29 30 30 30 32 33 33 33 33 31 31 33 33 33 34 35 34 36 35 35 36 36 37 37 37 38 39 39 41 42 43 45 46 47 48 51 52 52 52 52 52 52 54 55 56 58 62 69 72 73 72 76 79 79 81 84 85 83 79 75 74 74 77 81 80 73 72 72 74 75
28 27 26 26 26 26 27 30 32 33 32 31 30 30 32 30 29 30 30 29 28 27 28 31 30 29 30 30 31 30 31 30 30 30 33 34 35 36 34 33 32 32 33 35 36 35 35 36 36 39 39 39 39 40 42 44 45 46 46 46 48 50 52 53 53 53 52 52 54 55 56 57 58 60 61 66 69 74 77 73 74 77 81 82 78 73 73 75 75 74 72 70 68 69 68 68
25 25 24 25 26 26 27 27 27 27 28 31 33 32 30 30 29 29 29 30 30 29 30 32 32 30 30 32 31 32 32 33 34 34 34 33 34 36 36 34 33 34 34 35 35 35 36 36 36 37 39 40 41 41 41 42 44 43 44 45 46 49 50 51 52 53 52 54 56 56 58 60 60 61 62 64 65 66 67 69 69 69 71 75 76 74 75 74 73 72 72 68 66 66 66 68
26 26 25 24 25 26 25 25 24 26 26 28 30 30 30 30 29 30 29 30 30 31 32 33 33 33 32 32 32 32 32 32 33 34 34 33 33 34 33 32 33 33 34 35 35 35 36 37 38 39 39 40 41 42 41 42 42 44 46 47 46 49 50 51 53 54 55 56 57 56 57 58 59 61 62 64 63 64 65 70 73 73 74 74 77 78 77 74 73 71 67 65 65 65 63 63
30 28 27 27 25 26 26 26 24 24 25 26 27 27 26 27 29 31 32 30 31 32 33 34 34 32 31 32 31 31 31 32 33 33 33 34 33 34 34 33 32 31 31 32 34 35 37 39 39 39 41 41 42 42 42 43 42 45 46 47 49 50 51 51 53 55 54 55 56 55 56 57 59 59 60 60 60 61 65 74 76 72 72 75 80 86 80 74 70 66 63 64 66 65 63 59
31 29 31 35 34 32 29 27 25 26 27 29 28 28 28 29 30 31 31 30 31 33 33 32 31 32 32 31 32 33 33 34 33 34 34 34 34 35 35 34 33 33 31 32 33 35 37 38 38 39 40 40 40 41 42 42 43 44 46 47 49 49 48 50 51 53 52 53 53 54 55 56 58 58 58 58 59 63 68 74 74 70 72 73 77 83 78 71 66 67 69 71 68 60 58 59
35 32 30 31 30 29 28 28 27 26 25 27 28 28 29 30 28 30 34 33 32 30 30 31 32 32 32 31 32 34 34 33 33 33 33 34 34 34 34 35 34 33 32 33 35 36 37 39 38 39 39 41 42 42 43 44 45 47 47 48 49 49 49 50 49 51 51 50 51 51 53 55 56 58 59 62 63 65 65 67 70 70 69 67 67 72 75 72 63 59 65 69 69 66 61 57
32 30 29 28 28 29 30 29 28 25 26 27 26 26 28 28 29 31 31 31 30 30 30 31 31 31 31 33 34 34 33 33 33 34 34 35 35 34 35 35 34 34 36 36 36 35 35 37 37 37 38 39 40 42 45 45 46 47 48 48 48 50 51 51 51 50 50 51 52 53 54 54 56 63 67 67 66 67 68 66 68 67 66 63 61 69 72 69 66 63 62 60 62 61 60 59
26 28 30 33 35 36 37 34 30 27 25 25 25 27 27 27 29 31 30 29 30 30 31 32 31 32 32 33 34 34 33 33 34 34 34 36 37 38 37 37 36 35 35 35 36 36 38 38 38 38 39 40 42 43 45 46 47 49 49 48 49 51 52 50 50 51 51 53 53 53 55 56 61 68 69 68 69 68 68 66 68 65 62 62 64 65 64 61 61 61 58 56 55 57 57 58
27 28 27 27 29 32 35 35 36 37 35 33 30 29 30 29 29 31 31 31 31 31 32 33 33 33 33 33 34 33 33 33 33 33 33 34 36 36 36 39 37 34 34 35 35 36 38 40 38 39 40 41 42 43 45 46 47 48 49 49 49 50 50 51 52 51 50 51 53 57 59 58 62 71 71 66 64 61 65 66 62 54 54 57 58 59 59 56 57 56 55 57 58 58 61 64
27 27 25 25 29 30 29 30 33 36 37 36 31 30 31 30 28 30 36 38 36 32 31 32 32 33 33 33 34 34 34 34 33 33 34 34 36 37 36 38 36 34 35 35 36 36 38 39 38 39 40 41 42 43 44 44 46 46 47 48 49 49 50 51 50 50 51 53 56 62 63 60 61 64 64 65 62 59 57 57 54 49 52 59 61 61 60 56 53 51 51 54 59 62 64 66
31 30 31 32 31 30 30 29 30 33 38 39 37 36 33 29 28 29 32 35 33 31 30 32 32 31 33 34 33 32 33 33 34 34 33 34 37 36 36 36 35 35 35 34 34 35 36 37 37 39 40 41 42 43 44 46 46 47 47 47 47 48 50 50 52 52 53 57 60 63 63 61 57 58 65 69 66 57 55 57 56 54 56 57 57 55 52 51 50 49 52 55 62 67 65 65
33 32 33 35 37 33 31 33 33 34 35 38 38 37 33 28 29 30 31 32 31 30 31 31 31 30 33 35 34 33 33 34 35 34 34 36 35 35 37 35 35 35 37 36 35 36 37 38 38 38 39 40 41 43 44 44 46 47 46 47 47 48 49 49 51 52 51 54 55 56 54 53 52 52 56 62 64 60 59 59 58 57 54 52 52 52 52 52 52 54 58 64 68 72 77 76
32 29 28 28 29 34 36 36 36 38 39 38 36 35 32 32 33 32 32 32 32 32 32 31 31 31 33 34 34 33 33 33 35 35 35 37 37 36 35 34 34 35 36 37 38 39 39 39 38 37 38 40 41 41 43 43 45 46 46 48 49 51 51 50 50 51 51 52 53 52 50 50 49 49 50 57 59 53 50 49 53 57 55 53 56 58 55 51 52 55 59 68 72 71 73 76
33 30 27 28 31 36 37 36 37 40 40 37 32 31 32 32 32 33 33 32 32 34 34 33 32 31 33 33 32 32 32 34 35 35 36 35 34 34 34 35 36 36 36 36 37 37 38 38 37 38 38 39 40 41 42 43 43 45 45 47 48 47 46 48 48 49 48 48 49 48 46 46 46 47 49 51 49 48 48 48 49 51 53 55 54 55 54 57 60 59 62 70 75 73 72 70
33 31 32 34 36 39 38 34 32 31 32 35 32 30 28 28 30 36 37 38 39 39 37 37 33 30 30 33 33 32 32 31 32 35 35 35 34 34 35 35 35 34 34 34 35 35 37 38 38 38 37 38 39 40 42 42 42 43 43 45 45 43 45 47 47 46 46 46 45 45 44 46 48 47 46 45 45 48 51 48 46 48 50 52 49 49 53 57 61 63 63 66 70 70 63 60
35 36 35 34 35 37 37 37 35 31 25 26 28 29 26 30 34 38 39 41 42 40 38 38 34 33 31 30 31 30 31 33 34 35 35 33 34 35 34 34 34 32 31 32 34 35 36 37 37 38 38 38 39 40 41 41 42 43 43 43 44 44 44 45 45 44 46 46 45 47 48 47 47 47 45 45 46 46 48 48 48 50 52 54 51 50 51 57 62 61 62 62 63 61 59 60
31 33 34 33 33 33 30 29 29 29 28 30 29 30 32 33 38 39 39 38 37 37 36 34 33 34 35 34 32 30 32 33 33 34 35 33 33 33 33 34 35 33 32 34 38 40 37 35 36 36 37 38 40 41 42 43 44 44 44 42 41 43 43 43 43 43 43 45 45 45 46 46 46 45 45 45 46 47 49 55 59 59 62 61 56 53 56 68 74 70 65 64 63 62 61 60
28 30 33 32 30 28 28 27 28 29 29 31 32 35 36 37 36 36 38 39 37 34 35 35 34 35 36 36 35 33 32 33 32 31 32 34 34 34 33 31 33 34 33 36 39 40 38 36 37 37 37 38 38 39 38 39 41 42 42 42 42 41 43 43 41 40 42 43 43 44 44 44 45 45 45 47 48 50 53 59 63 65 64 57 55 55 59 66 70 69 65 67 66 65 68 65
31 31 31 30 28 29 32 34 34 31 29 32 35 36 35 34 34 33 33 35 36 36 37 39 36 33 34 36 34 32 31 33 33 32 33 34 33 31 33 35 31 31 33 35 36 38 35 34 36 38 38 38 39 39 39 39 40 42 43 43 43 43 42 40 41 43 44 43 43 44 45 45 46 46 46 47 48 51 55 55 58 65 67 63 60 60 61 63 64 64 63 66 70 72 74 71
34 32 31 27 26 29 32 33 34 34 30 30 31 33 36 36 32 30 30 31 32 32 33 34 33 33 32 32 33 34 34 34 34 33 32 33 33 34 35 34 32 33 36 35 34 35 36 36 36 37 38 38 38 38 38 40 42 42 42 41 42 42 40 41 42 44 46 46 46 46 46 45 45 46 46 46 48 51 57 58 58 64 65 62 62 62 62 63 65 67 68 68 71 72 71 71
35 36 36 31 27 30 33 33 34 38 39 34 32 34 36 38 37 38 36 35 36 36 34 31 31 31 32 33 34 36 35 33 32 31 33 34 34 34 34 34 35 34 37 37 36 36 36 36 36 36 36 37 38 38 39 39 39 39 39 41 42 43 42 43 44 45 47 48 47 46 45 46 46 46 47 48 50 50 51 53 55 62 64 64 66 69 68 65 65 66 67 72 74 72 67 68
32 35 36 33 28 30 33 36 38 37 35 35 36 38 39 40 39 38 37 35 35 36 36 33 32 32 32 32 32 35 34 32 33 33 33 35 33 32 34 36 34 34 36 36 36 37 37 36 36 38 38 39 39 39 39 39 40 40 41 42 41 41 42 44 46 46 46 46 45 46 47 46 47 48 48 49 51 52 57 60 61 64 67 67 68 66 66 69 69 67 65 72 74 72 69 68
29 32 32 32 28 30 32 32 34 35 31 30 33 37 39 37 37 36 34 31 34 38 39 37 34 32 32 31 31 32 34 33 32 33 33 32 32 33 35 37 36 36 36 37 37 36 35 36 37 37 39 41 42 40 39 40 40 40 41 42 41 42 43 44 45 44 45 45 45 46 47 47 47 49 50 52 55 58 58 61 62 61 60 62 68 69 65 63 68 74 73 73 72 72 68 67
27 29 30 33 32 30 29 29 31 35 36 33 33 35 35 33 33 33 32 30 31 32 33 35 35 35 35 33 34 35 36 38 35 33 33 32 33 35 35 34 35 36 37 36 36 35 36 37 38 39 40 39 40 41 40 40 40 40 41 42 42 42 43 44 45 46 46 45 45 46 46 46 46 48 51 55 55 55 55 57 59 59 61 63 67 68 69 66 63 67 72 72 69 67 67 65
26 28 29 30 29 28 28 31 33 36 37 36 34 34 34 32 31 31 32 34 32 30 31 34 35 35 35 34 34 35 36 38 36 34 33 33 35 36 36 35 36 36 36 37 38 37 37 38 38 37 38 39 40 40 40 40 40 41 42 42 43 44 45 46 47 47 47 46 46 47 48 47 47 50 52 56 55 54 57 60 60 62 62 62 64 69 72 71 70 66 70 72 70 70 71 69
29 31 31 30 31 30 30 31 32 32 31 31 32 32 30 29 30 32 34 38 38 33 31 35 37 35 33 32 32 35 37 38 37 35 33 32 36 41 41 40 41 38 35 37 39 38 38 37 38 39 39 40 39 38 41 41 40 40 42 41 42 45 46 46 47 48 47 46 45 48 49 48 49 51 54 57 58 59 58 59 60 61 61 60 59 62 66 68 71 71 70 71 72 74 73 69
28 30 29 29 29 29 30 31 31 32 31 31 31 31 31 30 30 33 34 35 37 37 36 35 36 34 33 33 33 32 33 36 34 31 33 40 42 40 39 42 41 40 40 39 39 36 37 38 39 38 39 40 42 42 42 40 39 41 42 41 42 45 45 45 45 46 47 46 47 49 52 60 62 58 56 58 60 61 59 57 58 60 60 59 59 59 61 65 67 68 70 70 71 71 70 69
