Data/Raster2/N52E006.asc
ncols        1201
nrows        1201
xllcorner    5.999583333333
yllcorner    51.999583333333
cellsize     0.000833333333
NODATA_value -32768
[rows 845 to 909 of 1201, columns 576 to 671 of 1201]
11 11 11 11 10 10 10 9 10 11 11 10 9 10 10 10 10 11 11 11 11 12 12 13 13 15 16 17 19 23 26 29 31 35 37 36 33 31 31 32 35 38 41 38 34 30 29 28 27 28 28 26 25 27 25 23 24 25 27 30 32 31 29 27 28 26 25 25 26 26 23 21 20 21 22 22 21 20 19 21 22 18 14 13 15 15 12 12 13 11 9 10 9 10 10 11
10 9 9 11 11 11 11 11 10 10 10 9 10 11 11 11 11 12 12 11 11 13 13 15 16 16 14 15 16 16 19 24 27 30 31 32 31 35 37 36 35 37 41 39 32 26 26 26 24 25 24 22 23 25 24 23 26 30 30 28 30 30 28 24 25 28 28 27 26 23 25 25 23 21 19 19 21 22 22 20 18 20 22 21 18 14 12 12 12 13 14 11 9 9 12 15
11 9 9 10 10 10 10 10 11 10 9 9 9 11 12 14 13 13 12 12 12 13 13 13 13 13 16 18 19 19 18 22 24 26 28 29 29 31 33 37 37 37 38 36 31 25 23 23 25 25 23 20 21 25 27 29 30 32 31 29 27 25 26 26 26 29 29 29 25 22 23 24 23 20 20 21 20 22 21 19 21 22 23 23 21 17 14 12 12 14 14 13 11 9 11 15
11 11 10 10 10 9 10 11 10 10 11 11 11 13 17 16 13 12 12 12 13 13 13 11 11 16 18 19 21 21 21 21 22 24 26 27 28 25 26 30 34 35 35 34 32 27 22 22 24 27 26 25 26 30 29 28 29 29 29 29 28 24 23 25 27 27 27 27 25 25 25 24 22 21 22 23 24 23 21 20 22 25 25 22 18 13 10 10 12 13 13 14 11 7 8 13
11 11 11 10 10 9 9 10 9 10 10 11 11 13 14 13 14 12 12 13 13 13 12 12 14 14 12 15 19 20 20 18 18 21 22 25 26 25 23 26 29 31 31 29 27 25 23 22 24 26 25 26 28 29 30 30 29 28 29 29 28 27 25 26 29 28 26 26 27 26 25 24 21 20 20 20 21 21 22 25 26 25 22 17 12 10 10 10 9 9 10 11 10 6 6 6
11 10 11 11 11 9 8 9 9 9 9 10 11 12 12 12 12 12 13 14 13 13 13 13 13 14 15 16 16 16 15 18 22 22 21 22 22 22 24 24 25 26 25 27 25 21 20 20 25 26 26 27 29 29 29 29 29 30 30 31 32 30 29 30 30 29 28 29 29 28 26 25 24 23 22 21 21 20 22 22 23 23 19 15 11 9 9 8 8 8 8 8 9 8 7 8
11 10 10 11 11 11 11 10 9 10 12 11 12 14 13 11 12 13 13 13 13 13 14 16 15 15 15 15 14 13 14 18 21 21 20 22 23 22 24 24 25 26 26 24 19 18 19 23 27 26 25 28 32 32 30 29 33 37 37 36 35 33 32 32 32 34 33 31 30 30 30 28 27 26 27 25 23 22 21 21 20 17 14 11 9 8 8 7 8 9 10 10 10 9 9 8
11 12 13 11 11 12 12 11 9 10 12 11 11 12 12 13 13 13 11 12 13 12 12 13 16 19 16 15 15 13 14 18 22 24 25 24 25 23 23 24 23 25 24 24 19 17 19 24 26 26 27 28 32 34 33 34 38 41 41 40 40 38 35 34 34 36 35 33 30 27 28 30 29 30 29 28 25 22 20 16 14 13 11 11 10 10 8 6 8 8 8 8 8 7 8 9
12 12 12 10 11 13 12 11 13 11 10 10 11 10 10 11 11 12 11 12 12 12 12 14 16 19 16 13 14 13 13 17 22 23 26 25 24 22 23 24 24 24 24 24 21 22 24 27 27 28 29 31 36 37 34 34 37 39 39 39 38 38 36 33 30 29 30 31 30 26 27 29 31 30 28 25 23 21 17 15 13 13 12 12 10 9 9 8 9 8 9 9 9 8 7 9
11 10 11 10 10 10 10 11 12 10 10 10 10 11 11 10 11 10 11 11 11 11 11 13 14 18 17 14 13 14 13 14 19 23 26 25 24 22 24 26 26 25 24 24 24 25 26 27 27 29 31 32 34 36 35 36 38 39 38 37 36 37 36 32 28 27 27 28 29 31 31 31 31 31 29 25 19 17 19 17 13 13 12 11 12 12 11 8 9 9 10 9 8 7 7 8
11 11 11 10 11 11 11 13 13 11 11 11 10 10 11 11 11 12 14 12 12 12 12 12 14 18 20 18 16 19 19 14 18 22 24 24 23 22 23 25 26 27 26 25 27 27 26 25 26 28 29 30 33 34 34 34 38 41 40 37 36 35 35 32 28 27 28 26 26 30 31 31 32 31 29 24 19 18 20 21 19 16 13 11 14 15 12 9 10 9 9 10 8 7 8 8
12 11 11 12 12 13 14 14 11 10 11 12 11 11 12 11 11 13 13 12 12 12 12 12 12 14 17 21 21 22 22 19 20 22 21 21 19 20 24 24 26 27 27 28 28 28 28 29 30 30 30 32 33 35 35 35 37 36 37 36 34 32 31 29 30 30 30 29 30 30 29 29 30 28 27 23 19 18 20 21 21 16 14 12 12 12 10 8 10 10 9 8 7 7 8 8
12 12 12 12 12 12 14 12 10 10 10 11 10 9 11 13 13 12 13 13 12 12 11 12 13 12 14 16 15 17 22 25 25 24 23 22 21 22 24 24 25 28 29 28 27 27 27 29 30 31 32 33 33 33 32 32 33 33 33 34 36 38 37 36 35 30 27 26 25 27 28 29 28 29 28 23 17 15 15 17 17 14 11 9 9 10 10 8 9 10 9 9 8 6 8 8
13 12 12 11 10 12 13 11 10 11 12 12 12 12 11 13 12 12 12 13 12 12 12 13 13 12 12 12 12 15 19 23 24 25 24 24 24 24 26 27 28 30 31 30 29 28 29 29 29 28 28 26 26 26 24 25 27 26 25 28 33 35 34 35 35 31 27 25 22 23 27 28 25 24 23 21 19 16 16 16 15 13 11 10 10 10 10 10 11 11 10 9 10 11 13 11
14 12 11 12 13 15 14 14 13 12 13 12 12 12 13 13 11 12 12 13 13 11 11 14 13 11 11 11 11 13 15 19 21 21 23 24 24 23 25 26 29 28 27 28 27 24 22 19 17 17 18 17 16 15 16 17 17 18 17 18 20 21 22 22 23 24 25 24 22 21 23 22 22 19 18 20 20 19 17 15 13 14 13 11 10 9 10 12 14 14 13 16 15 15 16 15
12 12 11 12 14 14 14 14 12 13 14 13 13 13 12 11 11 13 13 12 12 12 12 14 15 12 12 12 13 15 17 20 23 23 24 23 23 24 24 24 23 20 19 19 20 18 17 15 16 19 23 24 24 23 25 26 25 25 24 26 25 23 22 23 23 20 20 19 16 16 17 16 17 16 16 16 16 17 16 14 13 12 11 12 12 12 11 10 10 10 11 13 11 13 15 16
14 13 12 14 15 14 12 13 14 15 15 13 14 15 13 13 13 12 13 13 13 12 12 14 13 13 14 15 16 17 18 22 24 23 23 23 22 22 21 17 16 15 16 20 23 22 22 20 20 21 23 26 29 27 28 29 27 27 28 29 29 28 29 31 33 34 30 29 27 24 20 17 19 18 17 16 15 14 15 16 13 10 11 11 10 10 9 9 9 9 9 10 11 13 15 15
13 13 16 15 15 14 14 14 14 14 13 14 14 13 13 14 13 13 14 14 14 14 14 13 12 12 13 14 14 13 15 19 22 21 21 19 17 18 18 19 20 21 22 23 26 29 26 21 21 22 22 23 27 26 28 31 31 32 32 33 32 34 36 35 35 37 34 31 25 20 18 17 16 16 16 15 14 10 9 10 9 10 10 8 8 9 9 9 9 7 7 9 11 14 13 10
17 18 19 17 15 16 16 15 14 13 14 14 12 13 13 13 13 13 11 12 14 15 15 13 13 13 13 13 12 12 13 15 18 18 19 18 18 20 21 22 24 27 25 25 27 26 24 23 23 24 25 25 25 24 28 31 31 34 36 37 36 36 36 36 35 35 34 31 23 18 17 16 15 15 16 14 12 11 10 10 9 9 10 9 9 10 10 9 9 9 9 9 9 11 11 8
15 15 16 16 15 15 15 13 13 14 14 13 12 13 14 14 12 12 10 11 13 14 14 12 12 13 13 11 13 14 15 15 16 20 22 20 16 18 21 23 26 27 24 24 24 21 21 22 24 23 22 24 26 27 30 29 29 32 31 33 34 34 34 34 32 31 29 24 18 17 17 16 15 14 15 15 13 13 13 14 14 11 10 10 10 9 10 9 11 10 9 8 9 10 12 10
14 14 15 16 16 16 16 14 13 13 13 14 14 13 13 14 14 14 13 12 12 13 12 14 14 13 14 13 14 14 14 14 15 19 22 22 20 18 20 23 25 25 24 22 19 17 19 24 26 26 26 27 29 30 28 27 27 26 27 30 31 32 32 31 30 27 27 25 21 20 18 15 14 15 17 17 13 11 10 10 10 10 8 9 10 10 10 11 10 9 10 11 8 8 13 12
14 14 15 16 17 15 13 13 13 13 14 14 13 12 13 12 13 14 14 14 14 14 13 14 15 15 15 13 13 14 14 17 22 23 23 23 23 23 23 24 24 23 23 20 17 15 18 24 27 26 26 28 30 30 29 28 27 27 26 27 27 26 26 25 25 25 25 24 21 20 17 13 13 14 13 12 11 9 9 9 8 9 9 9 9 11 11 11 11 11 12 14 11 3 6 11
17 15 15 15 16 16 14 12 12 13 14 14 13 12 14 15 15 14 16 16 15 16 16 16 15 16 15 14 14 15 17 22 25 25 23 20 18 21 23 23 23 23 23 23 20 16 18 25 27 27 28 29 31 31 31 30 26 26 26 25 25 24 23 24 24 24 23 22 21 18 16 15 14 13 12 13 12 10 8 8 9 9 9 8 8 8 8 9 10 9 9 9 11 6 4 8
23 21 20 18 19 18 16 14 14 14 14 14 14 15 15 16 17 17 18 17 16 15 15 15 14 14 14 14 14 14 15 19 22 22 18 17 16 20 22 18 18 20 22 22 19 17 21 26 26 28 29 30 30 31 32 31 26 24 24 24 24 25 25 23 23 23 22 20 19 19 16 15 16 15 11 10 9 11 13 12 11 9 9 8 9 10 10 10 10 10 10 10 8 5 6 6
32 30 29 29 28 25 22 18 16 17 18 19 18 18 18 18 18 17 16 15 14 13 13 13 11 12 12 14 14 13 13 15 17 19 19 17 18 20 21 20 20 19 20 22 21 22 24 26 26 28 29 29 31 31 31 31 28 26 24 24 24 25 25 21 21 21 20 18 17 17 17 16 17 14 10 8 7 10 13 14 14 12 10 9 8 9 10 10 10 8 9 8 9 8 10 11
32 30 29 27 25 22 21 20 22 24 24 21 21 19 19 18 17 17 16 15 14 14 13 12 11 11 12 12 13 13 13 13 15 17 17 19 21 23 24 23 24 24 25 26 28 30 31 28 28 29 28 29 29 31 30 30 29 25 25 25 26 25 25 22 20 19 19 19 18 18 16 15 14 13 10 9 9 9 10 11 9 9 9 10 9 8 10 10 10 10 10 9 8 9 11 13
27 23 21 20 21 24 26 25 27 28 25 22 21 20 18 16 15 14 15 15 14 14 14 13 12 12 13 13 13 14 13 14 15 16 15 15 17 18 20 22 23 25 25 27 28 28 28 25 26 27 26 25 23 24 25 27 26 25 25 26 26 26 25 23 21 20 19 18 17 17 16 17 16 14 12 11 11 11 10 10 10 8 8 8 9 9 8 9 9 8 7 7 7 8 10 10
21 21 23 24 23 25 27 27 26 24 22 19 17 16 15 14 15 16 15 14 14 13 14 14 13 12 12 13 13 14 14 13 15 15 15 17 18 18 18 20 21 24 26 27 25 22 24 23 22 21 22 23 22 24 25 27 26 26 26 26 26 26 26 24 22 21 19 18 17 16 14 13 12 11 11 10 10 11 11 10 9 9 10 10 10 9 9 9 10 9 10 8 10 11 11 10
26 26 24 22 20 22 25 26 26 22 19 17 16 16 15 16 17 17 16 16 14 13 14 14 13 13 13 13 13 14 14 14 14 14 17 20 19 19 19 19 22 26 27 30 29 27 28 26 22 21 22 23 23 24 26 28 29 30 29 29 28 25 24 24 22 21 19 16 17 17 14 13 13 12 12 11 10 9 8 9 9 9 9 8 9 9 9 8 9 10 9 10 11 15 16 15
26 25 23 19 19 20 20 22 22 20 19 19 17 16 16 16 17 17 17 17 14 12 13 13 12 13 13 13 12 13 14 15 14 14 16 18 18 20 23 25 25 27 29 29 29 30 28 24 23 23 24 25 26 27 27 28 30 30 29 27 27 25 22 21 20 19 18 19 17 16 15 14 12 11 11 12 11 11 10 9 9 10 10 10 9 10 10 8 10 10 9 9 10 14 18 18
25 24 23 20 19 20 20 20 20 18 18 19 17 16 17 20 20 18 16 15 14 14 15 14 13 13 13 13 13 15 16 17 17 17 18 20 23 29 33 32 31 30 32 33 32 32 27 23 24 26 28 29 31 32 31 31 31 30 29 27 26 25 22 20 18 17 16 16 15 13 13 12 11 10 10 9 10 10 11 10 9 9 9 9 9 9 8 9 9 10 9 9 13 18 19 17
22 22 21 19 20 19 17 18 18 18 18 19 18 16 20 25 23 22 22 19 16 15 15 14 14 15 16 14 14 15 17 19 19 18 18 20 23 28 34 38 40 41 40 39 37 35 30 24 28 37 38 36 41 41 35 33 32 29 28 26 25 24 23 21 19 18 17 15 15 15 14 14 13 12 12 10 8 8 9 8 9 8 7 9 9 9 8 9 10 10 10 11 15 20 20 15
17 17 17 17 17 18 19 21 21 21 20 18 18 18 21 22 20 20 20 18 16 16 17 19 19 20 19 17 16 17 17 17 17 18 19 22 27 28 33 39 39 40 40 39 37 33 29 28 34 40 41 40 42 38 35 31 29 29 27 25 24 22 21 19 19 18 18 17 16 16 16 16 17 16 14 12 11 10 10 9 8 8 8 8 8 9 9 8 9 9 10 15 18 19 17 16
19 17 18 19 16 17 19 21 23 25 24 22 20 20 20 20 21 20 19 17 16 17 17 18 21 23 23 23 24 24 23 19 19 21 21 23 28 36 40 42 41 38 38 38 37 36 33 31 35 37 39 40 42 41 35 31 29 26 25 24 23 21 21 19 19 18 18 18 16 15 16 15 15 15 15 15 13 10 10 9 8 10 9 8 7 9 9 9 10 11 11 14 16 16 12 11
22 20 20 18 16 17 17 18 22 24 25 22 22 24 25 24 25 23 20 18 17 18 19 21 22 25 27 27 27 27 24 19 20 22 23 25 32 38 41 42 40 35 32 32 36 38 38 37 37 35 32 31 35 36 33 33 28 25 24 23 21 20 19 19 19 17 16 15 16 18 18 15 14 14 14 14 14 11 10 10 9 9 9 9 9 11 12 13 12 11 11 11 10 10 10 10
20 19 19 18 19 19 17 17 21 24 21 20 25 27 25 21 21 23 24 24 23 23 24 26 28 28 28 31 31 28 21 22 25 24 23 28 35 39 40 39 35 30 27 28 31 34 36 36 37 33 28 27 28 28 28 28 25 24 23 22 21 18 17 16 15 15 16 15 16 16 16 14 14 13 12 11 11 10 10 8 8 8 10 10 10 11 13 14 12 12 13 13 12 10 9 8
21 17 16 18 21 23 22 20 20 20 19 21 26 27 23 19 17 18 18 20 21 19 20 24 26 26 28 29 28 26 21 24 28 29 27 27 34 38 39 37 31 28 28 27 27 28 26 27 28 26 25 26 26 24 25 24 22 21 21 20 19 18 18 17 15 14 15 15 15 14 14 13 13 12 10 9 10 9 9 8 8 9 9 10 10 9 11 12 11 11 11 11 13 11 10 10
19 19 20 20 21 23 26 28 28 26 25 24 25 22 19 17 16 17 16 16 17 18 18 19 21 26 28 25 25 23 22 23 26 29 26 25 31 32 32 32 32 34 36 31 27 26 25 24 24 23 22 22 23 24 23 22 21 19 20 19 18 18 17 16 15 15 16 15 14 13 13 13 13 12 11 10 11 12 11 11 12 13 10 10 10 9 9 11 11 10 11 10 11 10 10 10
17 19 22 24 25 27 28 29 28 24 21 21 23 20 17 17 17 17 16 16 16 17 17 17 18 22 25 26 24 23 23 23 24 25 24 24 26 28 28 27 27 30 29 27 26 23 22 22 22 20 20 20 18 19 18 19 19 18 18 17 17 16 16 15 16 14 14 13 12 10 10 12 11 12 15 17 18 18 17 15 18 17 15 16 14 14 15 14 11 10 10 11 11 11 10 11
18 21 23 24 23 24 26 26 24 20 19 19 18 18 18 18 18 16 15 16 16 16 16 17 17 18 20 22 22 21 25 26 23 22 21 20 21 23 24 23 21 20 21 20 20 21 20 20 20 18 17 18 17 17 16 17 17 16 15 14 14 14 16 15 15 15 12 10 10 10 9 10 11 12 13 16 16 14 14 12 12 12 12 12 11 11 12 12 11 10 10 11 11 11 11 12
20 23 22 19 20 21 22 21 19 18 19 18 17 18 18 18 18 18 18 18 19 17 17 17 17 18 19 19 20 25 29 30 25 22 19 19 21 24 22 21 20 19 20 20 20 18 18 21 21 17 17 16 16 15 15 18 18 15 14 14 13 12 12 12 11 13 12 10 9 10 10 10 11 11 11 11 10 9 9 10 10 10 9 9 10 10 10 8 11 12 10 10 11 11 11 11
19 21 21 19 19 19 19 19 19 20 20 19 18 18 18 17 17 19 20 26 27 25 21 19 17 17 17 19 24 26 23 21 20 18 19 21 24 24 21 19 17 17 17 19 19 18 18 20 19 19 19 18 18 17 16 16 16 13 11 11 13 13 12 12 11 11 12 12 13 13 13 12 11 12 12 11 10 9 9 10 11 10 9 9 9 10 10 9 10 10 9 10 9 10 9 11
16 17 17 18 20 20 18 18 19 20 19 17 17 16 16 16 17 19 23 27 28 29 24 19 18 17 19 23 23 20 19 18 17 17 18 21 22 19 17 15 16 16 17 19 20 20 21 21 19 18 18 17 18 18 17 17 15 13 12 11 12 12 12 12 11 11 12 14 14 14 14 14 13 13 12 12 12 10 9 9 9 10 9 9 10 10 9 9 10 10 10 9 9 9 9 10
17 18 17 17 19 20 19 19 19 19 18 17 17 16 17 17 17 19 19 20 23 24 19 18 18 17 19 22 22 19 17 18 16 17 18 19 19 18 18 18 18 18 18 20 21 27 26 22 20 19 19 17 18 16 17 17 17 16 14 12 12 13 13 14 16 14 14 14 14 15 15 15 14 13 11 13 16 16 14 12 11 12 12 10 10 10 10 9 8 9 10 10 10 9 10 10
16 17 16 16 17 18 19 21 21 20 19 18 18 18 17 19 20 20 20 19 19 19 19 18 18 23 28 28 24 19 16 16 15 17 20 22 21 18 18 19 19 19 20 21 21 22 22 21 19 19 20 18 18 17 17 16 15 16 15 14 14 14 15 18 23 23 19 15 13 14 15 14 14 14 13 14 16 15 12 10 9 11 12 9 9 9 9 9 8 10 10 9 10 10 10 10
17 19 19 19 19 21 21 20 21 21 21 19 19 20 21 21 21 21 20 18 19 18 19 21 24 28 30 28 24 19 15 15 15 17 18 19 17 16 16 18 18 18 19 19 19 19 18 19 18 18 18 18 17 16 15 16 15 14 16 17 19 18 17 19 21 22 18 14 14 14 14 14 13 14 15 17 17 14 11 11 11 12 11 9 9 9 9 10 10 10 10 11 10 9 8 9
18 18 18 18 20 24 24 20 20 20 21 21 20 21 23 24 24 22 20 19 20 18 18 18 21 25 24 19 17 16 15 15 15 16 17 16 16 17 17 18 18 17 16 16 17 18 18 19 19 17 17 17 16 14 14 15 15 16 16 18 20 19 17 18 18 15 14 16 16 14 13 14 14 15 15 18 17 15 11 9 10 9 10 10 9 9 10 10 11 11 9 10 10 10 9 9
19 19 18 19 21 22 21 20 21 21 21 21 20 20 22 24 22 21 21 20 19 18 18 17 19 22 18 16 18 20 22 19 17 16 15 15 15 15 15 15 16 16 16 18 19 19 21 21 20 18 18 16 15 14 15 14 14 14 14 15 16 15 14 15 16 17 16 16 16 15 15 15 13 13 14 16 15 14 14 12 10 10 11 12 10 10 10 9 8 9 10 10 10 10 9 9
19 19 18 17 19 20 19 20 20 20 20 20 21 20 22 24 23 23 21 19 18 18 19 19 20 22 21 22 26 28 25 21 17 14 13 13 13 13 14 14 15 15 15 17 19 18 17 16 19 21 20 17 14 15 15 15 15 14 15 17 15 14 14 13 14 17 16 12 12 15 14 14 13 13 13 13 13 11 10 10 10 9 10 10 10 10 10 9 9 9 9 10 10 9 9 9
19 18 18 18 19 19 21 22 22 23 22 20 19 20 23 23 22 22 21 18 18 19 20 18 17 19 20 22 24 24 21 21 20 17 15 14 13 13 13 13 14 14 15 15 16 18 18 19 20 17 16 15 14 14 14 13 12 12 11 12 13 14 13 12 12 14 14 13 13 15 15 14 13 12 11 12 12 13 12 10 11 10 10 9 9 10 11 10 10 10 10 9 10 10 9 9
16 16 16 18 19 18 19 20 21 21 23 22 21 22 23 22 21 22 21 22 21 20 19 19 19 18 17 20 22 21 20 20 18 16 14 14 13 12 12 12 13 13 13 14 15 15 15 15 14 13 13 16 16 16 16 14 14 14 14 14 14 15 15 14 13 12 13 13 12 12 13 13 13 12 10 10 10 11 11 10 11 12 11 9 10 11 11 10 9 9 10 9 10 10 10 10
15 16 16 18 18 18 22 24 21 20 21 22 23 25 23 22 20 21 22 24 22 19 19 20 20 19 19 19 19 20 21 20 19 17 15 14 14 13 12 13 12 11 12 13 13 14 15 13 12 11 11 13 17 17 17 17 16 15 15 14 13 13 15 15 15 16 13 11 11 12 12 11 10 9 10 11 10 11 10 9 9 10 10 10 12 14 13 10 10 10 11 10 9 10 9 9
15 15 17 21 23 24 22 20 19 20 21 21 23 23 22 21 22 23 21 21 22 19 18 19 20 19 18 17 17 21 24 21 18 16 15 14 13 12 13 14 13 13 13 12 13 12 13 14 14 13 12 15 18 18 18 19 18 13 13 14 13 12 14 14 15 16 12 11 11 12 11 11 12 13 13 12 11 11 10 10 10 10 10 11 11 13 11 11 11 11 10 9 10 9 10 9
15 15 16 19 22 22 20 19 18 18 18 19 20 21 22 22 20 20 20 20 20 18 19 19 18 16 16 17 18 20 23 20 15 13 14 15 14 13 14 13 13 15 15 14 14 14 13 15 14 15 16 17 18 17 16 16 16 14 13 14 13 13 14 14 14 15 14 12 11 10 9 10 14 16 16 12 10 10 10 11 10 10 10 10 11 11 10 10 10 11 11 10 9 10 11 10
16 15 15 17 17 17 17 16 16 18 19 19 21 22 22 23 22 21 21 20 19 18 19 18 18 18 17 17 18 18 18 14 13 15 15 14 13 12 14 13 15 17 16 16 16 15 16 17 16 17 18 18 16 15 14 16 17 16 14 16 16 16 16 15 15 17 17 14 13 13 11 11 11 11 11 11 10 10 10 10 10 12 11 10 10 10 9 10 10 11 11 10 10 11 10 9
16 17 17 17 16 16 17 17 17 17 18 19 19 19 20 20 21 21 20 20 20 19 18 19 19 20 19 18 17 17 17 14 13 14 14 13 13 15 15 16 20 22 20 21 24 22 18 18 20 21 21 19 18 18 18 18 17 17 17 16 16 15 15 15 15 17 15 12 12 12 11 12 11 10 10 10 11 10 11 11 12 13 14 13 13 13 12 11 11 10 9 10 11 10 9 9
18 17 18 18 17 17 17 16 17 18 17 17 18 19 20 20 21 21 20 21 21 21 20 18 18 18 18 18 17 16 16 13 12 13 15 14 15 17 18 18 19 21 23 27 29 24 22 22 23 24 24 23 21 20 20 19 17 17 18 17 16 16 16 16 16 16 16 15 13 13 13 13 12 11 11 12 12 12 14 15 14 13 13 13 14 15 14 11 12 12 12 11 10 10 9 9
21 20 19 18 20 19 17 16 17 17 17 18 19 20 20 21 20 20 21 22 22 20 20 19 18 19 19 18 18 18 16 14 14 15 15 16 17 17 17 18 19 20 24 30 32 28 25 24 25 26 27 26 23 21 21 20 19 18 16 16 17 17 16 15 15 15 15 16 16 15 15 14 12 11 12 12 13 14 15 14 13 13 13 12 13 12 12 11 10 11 12 12 10 9 10 10
23 23 20 17 17 15 14 16 17 17 17 17 18 20 19 21 21 21 21 21 20 19 19 18 17 17 17 15 14 16 16 15 16 16 16 17 17 16 16 17 17 19 24 27 26 26 25 27 27 30 34 31 27 23 22 22 21 20 19 18 18 18 17 15 14 16 17 16 15 14 14 13 13 13 14 13 12 15 15 14 14 15 14 13 13 12 12 12 11 11 11 13 12 11 9 8
22 20 19 20 19 17 15 16 17 16 17 18 17 17 17 18 20 20 19 20 20 19 18 17 17 16 17 16 15 16 16 16 16 17 16 16 17 17 17 17 17 19 21 23 22 25 31 34 35 36 36 33 28 25 24 24 23 21 21 20 19 19 19 20 18 18 17 17 16 15 14 14 14 15 16 16 14 14 15 14 14 14 14 14 13 13 13 13 14 15 13 13 13 13 10 9
20 18 18 21 20 19 18 16 15 15 15 16 16 16 17 18 18 19 21 22 21 21 21 18 17 16 16 16 17 16 15 16 17 16 17 15 17 17 18 18 17 18 18 20 24 29 33 33 32 32 34 33 28 27 27 26 24 24 24 23 23 22 22 23 21 19 18 17 16 16 16 15 15 15 15 15 15 14 14 14 14 15 15 15 14 13 13 14 14 13 13 12 12 12 9 9
18 18 20 19 17 18 17 15 15 17 15 14 16 17 18 18 18 19 20 20 21 21 21 19 17 18 18 17 17 17 17 17 18 18 19 18 19 19 18 16 17 18 18 20 25 29 29 31 33 31 32 31 28 28 28 28 26 24 24 26 26 25 25 24 21 19 18 17 16 16 15 15 15 15 15 14 14 14 15 15 15 15 15 15 15 15 14 14 14 14 13 14 13 13 11 11
16 15 16 14 15 16 15 14 14 14 14 15 18 18 17 18 19 19 20 21 21 21 21 20 19 20 19 19 19 17 17 15 14 17 20 19 17 16 16 16 17 18 18 19 22 26 26 29 31 30 30 33 33 33 34 34 33 32 32 29 27 26 26 25 23 22 20 18 18 18 17 18 17 16 16 17 16 15 15 15 15 16 16 16 15 15 15 13 13 14 14 14 16 18 16 12
16 16 17 16 16 16 15 13 14 16 15 16 18 18 17 18 18 19 20 21 21 22 22 20 20 19 18 17 17 17 17 17 16 16 17 19 19 19 18 17 18 18 20 21 23 25 25 27 27 25 26 30 35 38 40 41 40 40 40 41 40 37 33 32 28 24 22 20 20 20 19 18 18 17 17 16 15 16 17 16 16 17 16 16 16 16 14 13 14 14 15 14 16 19 18 13
15 14 15 15 16 17 16 14 15 16 16 16 17 16 17 18 19 20 20 21 21 20 19 18 19 18 17 17 18 18 16 16 17 18 18 20 24 27 25 23 21 20 22 23 24 26 26 26 26 25 25 27 32 36 42 43 43 45 44 42 42 38 34 33 31 31 29 26 24 22 21 20 20 19 18 19 18 17 18 18 18 17 17 16 16 15 14 14 15 15 16 16 15 15 18 13
